t c1 c2
0.00 0.333333 0.333333
0.50 0.333308 0.333308
1.00 0.333232 0.333232
1.50 0.333105 0.333105
2.00 0.332927 0.332927
2.50 0.332699 0.332699
3.00 0.332420 0.332419
3.50 0.332091 0.332089
4.00 0.331711 0.331709
4.50 0.331281 0.331277
5.00 0.330801 0.330795
5.50 0.330271 0.330262
6.00 0.329691 0.329678
6.50 0.329062 0.329043
7.00 0.328383 0.328358
7.50 0.327655 0.327622
8.00 0.326878 0.326835
8.50 0.326053 0.325997
9.00 0.325179 0.325109
9.50 0.324257 0.324170
10.00 0.323287 0.323180
10.50 0.322270 0.322139
11.00 0.321206 0.321048
11.50 0.320096 0.319906
12.00 0.318939 0.318713
12.50 0.317737 0.317470
13.00 0.316490 0.316175
13.50 0.315198 0.314831
14.00 0.313863 0.313435
14.50 0.312484 0.311989
15.00 0.311063 0.310492
15.50 0.309599 0.308945
16.00 0.308095 0.307347
16.50 0.306550 0.305699
17.00 0.304966 0.304000
17.50 0.303344 0.302250
18.00 0.301684 0.300451
18.50 0.299988 0.298600
19.00 0.298256 0.296700
19.50 0.296491 0.294749
20.00 0.294693 0.292748
20.50 0.292864 0.290697
21.00 0.291005 0.288595
21.50 0.289118 0.286444
22.00 0.287205 0.284243
22.50 0.285268 0.281991
23.00 0.283308 0.279690
23.50 0.281329 0.277340
24.00 0.279332 0.274939
24.50 0.277320 0.272489
25.00 0.275296 0.269990
25.50 0.273264 0.267442
26.00 0.271226 0.264844
26.50 0.269186 0.262197
27.00 0.267149 0.259502
27.50 0.265120 0.256758
28.00 0.263102 0.253965
28.50 0.261103 0.251125
29.00 0.259127 0.248236
29.50 0.257183 0.245299
30.00 0.255277 0.242314
30.50 0.253420 0.239282
31.00 0.251618 0.236203
31.50 0.249878 0.233077
32.00 0.248206 0.229904
32.50 0.246604 0.226685
33.00 0.245076 0.223420
33.50 0.243623 0.220109
34.00 0.242246 0.216753
34.50 0.240944 0.213352
35.00 0.239717 0.209906
35.50 0.238565 0.206416
36.00 0.237487 0.202882
36.50 0.236480 0.199305
37.00 0.235543 0.195686
37.50 0.234676 0.192024
38.00 0.233875 0.188320
38.50 0.233139 0.184575
39.00 0.232466 0.180790
39.50 0.231855 0.176965
40.00 0.231303 0.173100
40.50 0.230809 0.169197
41.00 0.230372 0.165256
41.50 0.229989 0.161278
42.00 0.229661 0.157264
42.50 0.229385 0.153214
43.00 0.229160 0.149130
43.50 0.228986 0.145012
44.00 0.228863 0.140862
44.50 0.228788 0.136680
45.00 0.228764 0.132468
45.50 nan 0.128226
46.00 nan 0.123956
46.50 nan 0.119659
47.00 nan 0.115336
47.50 nan 0.110989
48.00 nan 0.106620
48.50 nan 0.102229
49.00 nan 0.097818
49.50 nan 0.093389
50.00 nan 0.088943
50.50 nan 0.084483
51.00 nan 0.080010
51.50 nan 0.075525
52.00 nan 0.071033
52.50 nan 0.066533
53.00 nan 0.062029
53.50 nan 0.057523
54.00 nan 0.053017
54.50 nan 0.048513
55.00 nan 0.044015
55.50 nan 0.039526
56.00 nan 0.035047
56.50 nan 0.030582
57.00 nan 0.026135
57.50 nan 0.021707
58.00 nan 0.017304
58.50 nan 0.012928
59.00 nan 0.008582
59.50 nan 0.004272
60.00 nan 0.000000
