u K Pi
-1.00000 -13.946803 0.000000
-0.99498 -12.718496 0.000000
-0.98996 -11.576229 0.000000
-0.98494 -10.515348 0.000000
-0.97992 -9.531394 0.000000
-0.97490 -8.620088 0.000000
-0.96988 -7.777334 0.000000
-0.96486 -6.999209 0.000000
-0.95984 -6.281958 0.000000
-0.95482 -5.621989 0.000000
-0.94980 -5.015869 0.000000
-0.94478 -4.460317 0.000000
-0.93976 -3.952202 0.000000
-0.93474 -3.488534 0.000000
-0.92972 -3.066464 0.000000
-0.92470 -2.683276 0.000000
-0.91968 -2.336384 0.000000
-0.91466 -2.023325 0.000000
-0.90964 -1.741760 0.000000
-0.90462 -1.489465 0.000000
-0.89960 -1.264328 0.000000
-0.89458 -1.064346 0.000000
-0.88956 -0.887622 0.000000
-0.88454 -0.732357 0.000000
-0.87952 -0.596851 0.000000
-0.87450 -0.479497 0.000000
-0.86948 -0.378776 0.000000
-0.86446 -0.293258 0.000000
-0.85944 -0.221594 0.000000
-0.85442 -0.162516 0.000000
-0.84940 -0.114831 0.000000
-0.84438 -0.077420 0.000000
-0.83936 -0.049235 0.000000
-0.83434 -0.029294 0.000000
-0.82932 -0.016679 0.000000
-0.82430 -0.010536 0.000000
-0.81928 -0.010068 0.000000
-0.81426 -0.014534 0.000000
-0.80924 -0.023248 0.000000
-0.80422 -0.035574 0.000000
-0.79920 -0.050925 0.000000
-0.79418 -0.068761 0.000000
-0.78916 -0.088586 0.000000
-0.78414 -0.109945 0.000000
-0.77912 -0.132423 0.000000
-0.77410 -0.155645 0.000000
-0.76908 -0.179267 0.000000
-0.76406 -0.202984 0.000000
-0.75904 -0.226519 0.000000
-0.75402 -0.249628 0.000000
-0.74900 -0.272092 0.000000
-0.74398 -0.293721 0.000000
-0.73896 -0.314350 0.000000
-0.73394 -0.333837 0.000000
-0.72892 -0.352061 0.000000
-0.72390 -0.368922 0.000000
-0.71888 -0.384341 0.000000
-0.71386 -0.398253 0.000000
-0.70884 -0.410613 0.000000
-0.70382 -0.421389 0.000000
-0.69880 -0.430564 0.000000
-0.69378 -0.438133 0.000000
-0.68876 -0.444102 0.000000
-0.68373 -0.448491 0.000000
-0.67871 -0.451327 0.000000
-0.67369 -0.452646 0.000000
-0.66867 -0.452491 0.000000
-0.66365 -0.450915 0.000000
-0.65863 -0.447975 0.000000
-0.65361 -0.443732 0.000000
-0.64859 -0.438255 0.000000
-0.64357 -0.431614 0.000000
-0.63855 -0.423883 0.000000
-0.63353 -0.415140 0.000000
-0.62851 -0.405464 0.000000
-0.62349 -0.394935 0.000000
-0.61847 -0.383635 0.000000
-0.61345 -0.371645 0.000000
-0.60843 -0.359047 0.000000
-0.60341 -0.345923 0.000000
-0.59839 -0.332353 0.000000
-0.59337 -0.318416 0.000000
-0.58835 -0.304190 0.000000
-0.58333 -0.289752 0.000000
-0.57831 -0.275176 0.000000
-0.57329 -0.260531 0.000000
-0.56827 -0.245889 0.000000
-0.56325 -0.231313 0.000000
-0.55823 -0.216869 0.000000
-0.55321 -0.202615 0.000000
-0.54819 -0.188607 0.000000
-0.54317 -0.174900 0.000000
-0.53815 -0.161542 0.000000
-0.53313 -0.148579 0.000000
-0.52811 -0.136055 0.000000
-0.52309 -0.124006 0.000000
-0.51807 -0.112468 0.000000
-0.51305 -0.101472 0.000000
-0.50803 -0.091046 0.000000
-0.50301 -0.081212 0.000000
-0.49799 -0.071990 0.000000
-0.49297 -0.063396 0.000000
-0.48795 -0.055444 0.000000
-0.48293 -0.048141 0.000000
-0.47791 -0.041493 0.000000
-0.47289 -0.035503 0.000000
-0.46787 -0.030168 0.000000
-0.46285 -0.025485 0.000000
-0.45783 -0.021447 0.000000
-0.45281 -0.018041 0.000000
-0.44779 -0.015257 0.000000
-0.44277 -0.013076 0.000000
-0.43775 -0.011482 0.000000
-0.43273 -0.010454 0.000000
-0.42771 -0.009967 0.000000
-0.42269 -0.009999 0.000000
-0.41767 -0.010520 0.000000
-0.41265 -0.011504 0.000000
-0.40763 -0.012918 0.000000
-0.40261 -0.014733 0.000000
-0.39759 -0.016915 0.000000
-0.39257 -0.019430 0.000000
-0.38755 -0.022244 0.000000
-0.38253 -0.025321 0.000000
-0.37751 -0.028625 0.000000
-0.37249 -0.032120 0.000000
-0.36747 -0.035769 0.000000
-0.36245 -0.039536 0.000000
-0.35743 -0.043385 0.000000
-0.35241 -0.047279 0.000000
-0.34739 -0.051184 0.000000
-0.34237 -0.055065 0.000000
-0.33735 -0.058887 0.000000
-0.33233 -0.062618 0.000000
-0.32731 -0.066226 0.000000
-0.32229 -0.069681 0.000000
-0.31727 -0.072953 0.000000
-0.31225 -0.076015 0.000000
-0.30723 -0.078842 0.000000
-0.30221 -0.081409 0.000000
-0.29719 -0.083696 0.000000
-0.29217 -0.085680 0.000000
-0.28715 -0.087347 0.000000
-0.28213 -0.088679 0.000000
-0.27711 -0.089665 0.000000
-0.27209 -0.090293 0.000000
-0.26707 -0.090556 0.000000
-0.26205 -0.090450 0.000000
-0.25703 -0.089972 0.000000
-0.25201 -0.089121 0.000000
-0.24699 -0.087903 0.000000
-0.24197 -0.086323 0.000000
-0.23695 -0.084391 0.000000
-0.23193 -0.082118 0.000000
-0.22691 -0.079521 0.000000
-0.22189 -0.076618 0.000000
-0.21687 -0.073431 0.000000
-0.21185 -0.069984 0.000000
-0.20683 -0.066306 0.000000
-0.20181 -0.062427 0.000000
-0.19679 -0.058382 0.000000
-0.19177 -0.054207 0.000000
-0.18675 -0.049943 0.000000
-0.18173 -0.045633 0.000000
-0.17671 -0.041323 0.000000
-0.17169 -0.037062 0.000000
-0.16667 -0.032902 0.000000
-0.16165 -0.028898 0.000000
-0.15663 -0.025108 0.000000
-0.15161 -0.021590 0.000000
-0.14659 -0.018408 0.000000
-0.14157 -0.015626 0.000000
-0.13655 -0.013312 0.000000
-0.13153 -0.011535 0.000000
-0.12651 -0.010367 0.000000
-0.12149 -0.009881 0.000000
-0.11647 -0.010153 0.000000
-0.11145 -0.011259 0.000000
-0.10643 -0.013278 0.000000
-0.10141 -0.016290 0.000000
-0.09639 -0.020376 0.000000
-0.09137 -0.025618 0.000000
-0.08635 -0.032100 0.000000
-0.08133 -0.039904 0.000000
-0.07631 -0.049116 0.000000
-0.07129 -0.059820 0.000000
-0.06627 -0.072101 0.000000
-0.06124 -0.086044 0.000000
-0.05622 -0.101733 0.000000
-0.05120 -0.119252 0.000000
-0.04618 -0.138684 0.000000
-0.04116 -0.160113 0.000000
-0.03614 -0.183619 0.000000
-0.03112 -0.209283 0.000000
-0.02610 -0.237183 0.000000
-0.02108 -0.267396 0.000000
-0.01606 -0.299996 0.000000
-0.01104 -0.335057 0.000000
-0.00602 -0.372647 0.000000
-0.00100 -0.412836 0.000000
0.00402 -0.455686 0.000000
0.00904 -0.501259 0.000000
0.01406 -0.549612 0.000000
0.01908 -0.600801 0.000000
0.02410 -0.654874 0.000000
0.02912 -0.711878 0.000000
0.03414 -0.771854 0.000000
0.03916 -0.834839 0.000000
0.04418 -0.900865 0.000000
0.04920 -0.969959 0.000000
0.05422 -1.042143 0.000000
0.05924 -1.117431 0.000000
0.06426 -1.195835 0.000000
0.06928 -1.277357 0.000000
0.07430 -1.361995 0.000000
0.07932 -1.449741 0.000000
0.08434 -1.540578 0.000000
0.08936 -1.634483 0.000000
0.09438 -1.731425 0.000000
0.09940 -1.831369 0.000000
0.10442 -1.934267 0.000000
0.10944 -2.040067 0.000000
0.11446 -2.148707 0.000000
0.11948 -2.260117 0.000000
0.12450 -2.374220 0.000000
0.12952 -2.490929 0.000000
0.13454 -2.610147 0.000000
0.13956 -2.731769 0.000000
0.14458 -2.855682 0.000000
0.14960 -2.981762 0.000000
0.15462 -3.109876 0.000000
0.15964 -3.239880 0.000000
0.16466 -3.371623 0.000000
0.16968 -3.504940 0.000000
0.17470 -3.639660 0.000000
0.17972 -3.775599 0.000000
0.18474 -3.912563 0.000000
0.18976 -4.050348 0.000000
0.19478 -4.188739 0.000000
0.19980 -4.327510 0.000000
0.20482 -4.466425 0.000000
0.20984 -4.605237 0.000000
0.21486 -4.743687 0.000000
0.21988 -4.881506 0.000000
0.22490 -5.018413 0.000000
0.22992 -5.154118 0.000000
0.23494 -5.288317 0.000000
0.23996 -5.420696 0.000000
0.24498 -5.550930 0.000000
0.25000 -5.678683 0.000000
0.25100 -5.703805 0.000000
0.25200 -5.728812 0.000000
0.25300 -5.753701 0.000000
0.25400 -5.778470 0.000000
0.25500 -5.803115 0.000000
0.25600 -5.827633 0.000000
0.25700 -5.852022 0.000000
0.25800 -5.876279 0.000000
0.25900 -5.900401 0.000000
0.26000 -5.924385 0.000000
0.26100 -5.948228 0.000000
0.26200 -5.971927 0.000000
0.26300 -5.995479 0.000000
0.26400 -6.018881 0.000000
0.26500 -6.042130 0.000000
0.26600 -6.065223 0.000000
0.26700 -6.088157 0.000000
0.26800 -6.110929 0.000000
0.26900 -6.133535 0.000000
0.27000 -6.155973 0.000000
0.27100 -6.178240 0.000000
0.27200 -6.200331 0.000000
0.27300 -6.222245 0.000000
0.27400 -6.243978 0.000000
0.27500 -6.265527 0.000000
0.27600 -6.286888 0.000000
0.27700 -6.308058 0.000000
0.27800 -6.329035 0.000000
0.27900 -6.349814 0.000000
0.28000 -6.370393 0.000000
0.28100 -6.390768 0.000000
0.28200 -6.410935 0.000000
0.28300 -6.430893 0.000000
0.28400 -6.450636 0.000000
0.28500 -6.470162 0.000000
0.28600 -6.489468 0.000000
0.28700 -6.508549 0.000000
0.28800 -6.527403 0.000000
0.28900 -6.546026 0.000000
0.29000 -6.564415 0.000000
0.29100 -6.582566 0.000000
0.29200 -6.600476 0.000000
0.29300 -6.618141 0.000000
0.29400 -6.635557 0.000000
0.29500 -6.652722 0.000000
0.29600 -6.669631 0.000000
0.29700 -6.686281 0.000000
0.29800 -6.702669 0.000000
0.29900 -6.718790 0.000000
0.30000 -6.734641 0.000000
0.30100 -6.750219 0.000000
0.30200 -6.765519 0.000000
0.30300 -6.780539 0.000000
0.30400 -6.795274 0.000000
0.30500 -6.809721 0.000000
0.30600 -6.823876 0.000000
0.30700 -6.837735 0.000000
0.30800 -6.851295 0.000000
0.30900 -6.864551 0.000000
0.31000 -6.877500 0.000000
0.31100 -6.890139 0.000000
0.31200 -6.902463 0.000000
0.31300 -6.914468 0.000000
0.31400 -6.926150 0.000000
0.31500 -6.937507 0.000000
0.31600 -6.948533 0.000000
0.31700 -6.959225 0.000000
0.31800 -6.969580 0.000000
0.31900 -6.979592 0.000000
0.32000 -6.989258 0.000000
0.32100 -6.998575 0.000000
0.32200 -7.007538 0.000000
0.32300 -7.016142 0.000000
0.32400 -7.024385 0.000000
0.32500 -7.032262 0.000000
0.32600 -7.039769 0.000000
0.32700 -7.046903 0.000000
0.32800 -7.053658 0.000000
0.32900 -7.060030 0.000000
0.33000 -7.066017 0.000000
0.33100 -7.071613 0.000000
0.33200 -7.076815 0.000000
0.33300 -7.081618 0.000000
0.33400 -7.086017 0.000000
0.33500 -7.090010 0.000002
0.33600 -7.093592 0.000007
0.33700 -7.096758 0.000017
0.33800 -7.099504 0.000036
0.33900 -7.101827 0.000064
0.34000 -7.103721 0.000104
0.34100 -7.105183 0.000157
0.34200 -7.106207 0.000227
0.34300 -7.106791 0.000315
0.34400 -7.106930 0.000423
0.34500 -7.106618 0.000553
0.34600 -7.105852 0.000707
0.34700 -7.104628 0.000887
0.34800 -7.102942 0.001095
0.34900 -7.100787 0.001334
0.35000 -7.098162 0.001605
0.35100 -7.095060 0.001910
0.35200 -7.091477 0.002251
0.35300 -7.087410 0.002630
0.35400 -7.082853 0.003050
0.35500 -7.077802 0.003511
0.35600 -7.072253 0.004017
0.35700 -7.066201 0.004569
0.35800 -7.059642 0.005168
0.35900 -7.052570 0.005818
0.36000 -7.044982 0.006520
0.36100 -7.036873 0.007275
0.36200 -7.028239 0.008086
0.36300 -7.019074 0.008955
0.36400 -7.009374 0.009884
0.36500 -6.999135 0.010874
0.36600 -6.988352 0.011928
0.36700 -6.977020 0.013047
0.36800 -6.965135 0.014233
0.36900 -6.952691 0.015488
0.37000 -6.939685 0.016815
0.37100 -6.926112 0.018214
0.37200 -6.911966 0.019688
0.37300 -6.897244 0.021239
0.37400 -6.881940 0.022868
0.37500 -6.866049 0.024578
0.37600 -6.849568 0.026370
0.37700 -6.832490 0.028246
0.37800 -6.814812 0.030207
0.37900 -6.796529 0.032257
0.38000 -6.777635 0.034396
0.38100 -6.758127 0.036627
0.38200 -6.737998 0.038951
0.38300 -6.717245 0.041370
0.38400 -6.695862 0.043886
0.38500 -6.673845 0.046501
0.38600 -6.651188 0.049216
0.38700 -6.627887 0.052033
0.38800 -6.603937 0.054955
0.38900 -6.579333 0.057982
0.39000 -6.554070 0.061117
0.39100 -6.528143 0.064362
0.39200 -6.501547 0.067718
0.39300 -6.474277 0.071186
0.39400 -6.446329 0.074770
0.39500 -6.417696 0.078470
0.39600 -6.388375 0.082288
0.39700 -6.358360 0.086227
0.39800 -6.327646 0.090287
0.39900 -6.296229 0.094471
0.40000 -6.264102 0.098779
0.40100 -6.231262 0.103215
0.40200 -6.197702 0.107780
0.40300 -6.163419 0.112475
0.40400 -6.128406 0.117302
0.40500 -6.092659 0.122264
0.40600 -6.056173 0.127361
0.40700 -6.018942 0.132595
0.40800 -5.980962 0.137968
0.40900 -5.942227 0.143482
0.41000 -5.902732 0.149138
0.41100 -5.862472 0.154939
0.41200 -5.821442 0.160885
0.41300 -5.779636 0.166979
0.41400 -5.737050 0.173222
0.41500 -5.693678 0.179615
0.41600 -5.649515 0.186162
0.41700 -5.604556 0.192862
0.41800 -5.558796 0.199719
0.41900 -5.512229 0.206733
0.42000 -5.464850 0.213906
0.42100 -5.416653 0.221240
0.42200 -5.367635 0.228737
0.42300 -5.317789 0.236398
0.42400 -5.267110 0.244224
0.42500 -5.215592 0.252218
0.42600 -5.163231 0.260382
0.42700 -5.110021 0.268716
0.42800 -5.055958 0.277222
0.42900 -5.001034 0.285902
0.43000 -4.945246 0.294758
0.43100 -4.888587 0.303791
0.43200 -4.831054 0.313004
0.43300 -4.772639 0.322396
0.43400 -4.713338 0.331971
0.43500 -4.653145 0.341729
0.43600 -4.592055 0.351673
0.43700 -4.530063 0.361804
0.43800 -4.467163 0.372123
0.43900 -4.403350 0.382633
0.44000 -4.338619 0.393334
0.44100 -4.272963 0.404229
0.44200 -4.206378 0.415318
0.44300 -4.138857 0.426604
0.44400 -4.070397 0.438089
0.44500 -4.000991 0.449772
0.44600 -3.930633 0.461658
0.44700 -3.859319 0.473746
0.44800 -3.787042 0.486038
0.44900 -3.713798 0.498537
0.45000 -3.639580 0.511243
0.45100 -3.564384 0.524158
0.45200 -3.488204 0.537284
0.45300 -3.411033 0.550623
0.45400 -3.332868 0.564175
0.45500 -3.253702 0.577942
0.45600 -3.173529 0.591927
0.45700 -3.092345 0.606130
0.45800 -3.010143 0.620553
0.45900 -2.926918 0.635198
0.46000 -2.842665 0.650066
0.46100 -2.757378 0.665159
0.46200 -2.671051 0.680478
0.46300 -2.583679 0.696025
0.46400 -2.495256 0.711802
0.46500 -2.405776 0.727809
0.46600 -2.315235 0.744049
0.46700 -2.223626 0.760523
0.46800 -2.130944 0.777232
0.46900 -2.037183 0.794178
0.47000 -1.942337 0.811363
0.47100 -1.846401 0.828788
0.47200 -1.749370 0.846455
0.47300 -1.651237 0.864365
0.47400 -1.551998 0.882520
0.47500 -1.451645 0.900921
0.47600 -1.350175 0.919569
0.47700 -1.247580 0.938467
0.47800 -1.143856 0.957616
0.47900 -1.038996 0.977017
0.48000 -0.932996 0.996672
0.48100 -0.825848 1.016583
0.48200 -0.717549 1.036750
0.48300 -0.608091 1.057176
0.48400 -0.497470 1.077861
0.48500 -0.385679 1.098808
0.48600 -0.272713 1.120018
0.48700 -0.158566 1.141492
0.48800 -0.043233 1.163233
0.48900 0.073293 1.185240
0.49000 0.191017 1.207517
0.49100 0.309944 1.230064
0.49200 0.430081 1.252883
0.49300 0.551434 1.275976
0.49400 0.674007 1.299344
0.49500 0.797807 1.322988
0.49600 0.922839 1.346910
0.49700 1.049110 1.371112
0.49800 1.176625 1.395594
0.49900 1.305389 1.420359
0.50000 1.435410 1.445409
