d S
2.000000 1.38963501e-01
2.000749 1.38409517e-01
2.001498 1.37856778e-01
2.002247 1.37305285e-01
2.002996 1.36755036e-01
2.003745 1.36206032e-01
2.004494 1.35658272e-01
2.005243 1.35111755e-01
2.005992 1.34566481e-01
2.006741 1.34022449e-01
2.007490 1.33479659e-01
2.008239 1.32938110e-01
2.008988 1.32397803e-01
2.009737 1.31858736e-01
2.010486 1.31320909e-01
2.011235 1.30784321e-01
2.011984 1.30248972e-01
2.012733 1.29714862e-01
2.013482 1.29181990e-01
2.014231 1.28650355e-01
2.014980 1.28119957e-01
2.015729 1.27590796e-01
2.016478 1.27062871e-01
2.017227 1.26536181e-01
2.017976 1.26010726e-01
2.018725 1.25486506e-01
2.019474 1.24963519e-01
2.020223 1.24441766e-01
2.020972 1.23921246e-01
2.021721 1.23401958e-01
2.022469 1.22883903e-01
2.023218 1.22367078e-01
2.023967 1.21851485e-01
2.024716 1.21337121e-01
2.025465 1.20823988e-01
2.026214 1.20312084e-01
2.026963 1.19801408e-01
2.027712 1.19291961e-01
2.028461 1.18783742e-01
2.029210 1.18276749e-01
2.029959 1.17770984e-01
2.030708 1.17266444e-01
2.031457 1.16763130e-01
2.032206 1.16261041e-01
2.032955 1.15760176e-01
2.033704 1.15260535e-01
2.034453 1.14762117e-01
2.035202 1.14264923e-01
2.035951 1.13768950e-01
2.036700 1.13274200e-01
2.037449 1.12780670e-01
2.038198 1.12288361e-01
2.038947 1.11797272e-01
2.039696 1.11307402e-01
2.040445 1.10818752e-01
2.041194 1.10331319e-01
2.041943 1.09845105e-01
2.042692 1.09360107e-01
2.043441 1.08876326e-01
2.044190 1.08393762e-01
2.044939 1.07912412e-01
2.045688 1.07432278e-01
2.046437 1.06953358e-01
2.047186 1.06475652e-01
2.047935 1.05999158e-01
2.048684 1.05523878e-01
2.049433 1.05049809e-01
2.050182 1.04576952e-01
2.050931 1.04105305e-01
2.051680 1.03634869e-01
2.052429 1.03165642e-01
2.053178 1.02697625e-01
2.053927 1.02230816e-01
2.054676 1.01765214e-01
2.055425 1.01300820e-01
2.056174 1.00837632e-01
2.056923 1.00375651e-01
2.057672 9.99148743e-02
2.058421 9.94553028e-02
2.059170 9.89969354e-02
2.059919 9.85397716e-02
2.060668 9.80838107e-02
2.061417 9.76290521e-02
2.062166 9.71754952e-02
2.062915 9.67231394e-02
2.063664 9.62719839e-02
2.064413 9.58220283e-02
2.065162 9.53732718e-02
2.065910 9.49257139e-02
2.066659 9.44793539e-02
2.067408 9.40341911e-02
2.068157 9.35902250e-02
2.068906 9.31474548e-02
2.069655 9.27058800e-02
2.070404 9.22654999e-02
2.071153 9.18263138e-02
2.071902 9.13883211e-02
2.072651 9.09515212e-02
2.073400 9.05159134e-02
2.074149 9.00814970e-02
2.074898 8.96482713e-02
2.075647 8.92162358e-02
2.076396 8.87853898e-02
2.077145 8.83557325e-02
2.077894 8.79272633e-02
2.078643 8.74999816e-02
2.079392 8.70738867e-02
2.080141 8.66489779e-02
2.080890 8.62252545e-02
2.081639 8.58027159e-02
2.082388 8.53813613e-02
2.083137 8.49611902e-02
2.083886 8.45422017e-02
2.084635 8.41243953e-02
2.085384 8.37077701e-02
2.086133 8.32923257e-02
2.086882 8.28780611e-02
2.087631 8.24649758e-02
2.088380 8.20530691e-02
2.089129 8.16423402e-02
2.089878 8.12327884e-02
2.090627 8.08244131e-02
2.091376 8.04172135e-02
2.092125 8.00111889e-02
2.092874 7.96063387e-02
2.093623 7.92026620e-02
2.094372 7.88001582e-02
2.095121 7.83988266e-02
2.095870 7.79986664e-02
2.096619 7.75996769e-02
2.097368 7.72018574e-02
2.098117 7.68052072e-02
2.098866 7.64097255e-02
2.099615 7.60154116e-02
2.100364 7.56222647e-02
2.101113 7.52302842e-02
2.101862 7.48394692e-02
2.102611 7.44498191e-02
2.103360 7.40613331e-02
2.104109 7.36740104e-02
2.104858 7.32878503e-02
2.105607 7.29028521e-02
2.106356 7.25190149e-02
2.107105 7.21363381e-02
2.107854 7.17548208e-02
2.108603 7.13744624e-02
2.109352 7.09952620e-02
2.110100 7.06172189e-02
2.110849 7.02403323e-02
2.111598 6.98646014e-02
2.112347 6.94900255e-02
2.113096 6.91166037e-02
2.113845 6.87443354e-02
2.114594 6.83732197e-02
2.115343 6.80032559e-02
2.116092 6.76344431e-02
2.116841 6.72667805e-02
2.117590 6.69002674e-02
2.118339 6.65349030e-02
2.119088 6.61706865e-02
2.119837 6.58076171e-02
2.120586 6.54456939e-02
2.121335 6.50849163e-02
2.122084 6.47252833e-02
2.122833 6.43667941e-02
2.123582 6.40094480e-02
2.124331 6.36532441e-02
2.125080 6.32981817e-02
2.125829 6.29442598e-02
2.126578 6.25914777e-02
2.127327 6.22398345e-02
2.128076 6.18893295e-02
2.128825 6.15399618e-02
2.129574 6.11917305e-02
2.130323 6.08446348e-02
2.131072 6.04986739e-02
2.131821 6.01538469e-02
2.132570 5.98101531e-02
2.133319 5.94675915e-02
2.134068 5.91261613e-02
2.134817 5.87858616e-02
2.135566 5.84466916e-02
2.136315 5.81086505e-02
2.137064 5.77717373e-02
2.137813 5.74359513e-02
2.138562 5.71012915e-02
2.139311 5.67677571e-02
2.140060 5.64353472e-02
2.140809 5.61040609e-02
2.141558 5.57738974e-02
2.142307 5.54448558e-02
2.143056 5.51169352e-02
2.143805 5.47901347e-02
2.144554 5.44644534e-02
2.145303 5.41398904e-02
2.146052 5.38164449e-02
2.146801 5.34941160e-02
2.147550 5.31729026e-02
2.148299 5.28528041e-02
2.149048 5.25338194e-02
2.149797 5.22159476e-02
2.150546 5.18991878e-02
2.151295 5.15835392e-02
2.152044 5.12690007e-02
2.152793 5.09555715e-02
2.153541 5.06432507e-02
2.154290 5.03320373e-02
2.155039 5.00219304e-02
2.155788 4.97129291e-02
2.156537 4.94050325e-02
2.157286 4.90982395e-02
2.158035 4.87925493e-02
2.158784 4.84879609e-02
2.159533 4.81844734e-02
2.160282 4.78820858e-02
2.161031 4.75807972e-02
2.161780 4.72806066e-02
2.162529 4.69815131e-02
2.163278 4.66835157e-02
2.164027 4.63866134e-02
2.164776 4.60908054e-02
2.165525 4.57960905e-02
2.166274 4.55024678e-02
2.167023 4.52099364e-02
2.167772 4.49184953e-02
2.168521 4.46281435e-02
2.169270 4.43388800e-02
2.170019 4.40507038e-02
2.170768 4.37636139e-02
2.171517 4.34776094e-02
2.172266 4.31926893e-02
2.173015 4.29088524e-02
2.173764 4.26260980e-02
2.174513 4.23444248e-02
2.175262 4.20638320e-02
2.176011 4.17843184e-02
2.176760 4.15058832e-02
2.177509 4.12285252e-02
2.178258 4.09522435e-02
2.179007 4.06770370e-02
2.179756 4.04029047e-02
2.180505 4.01298455e-02
2.181254 3.98578585e-02
2.182003 3.95869426e-02
2.182752 3.93170967e-02
2.183501 3.90483198e-02
2.184250 3.87806108e-02
2.184999 3.85139688e-02
2.185748 3.82483925e-02
2.186497 3.79838811e-02
2.187246 3.77204333e-02
2.187995 3.74580483e-02
2.188744 3.71967248e-02
2.189493 3.69364618e-02
2.190242 3.66772582e-02
2.190991 3.64191130e-02
2.191740 3.61620251e-02
2.192489 3.59059933e-02
2.193238 3.56510166e-02
2.193987 3.53970939e-02
2.194736 3.51442242e-02
2.195485 3.48924062e-02
2.196234 3.46416389e-02
2.196983 3.43919212e-02
2.197731 3.41432520e-02
2.198480 3.38956302e-02
2.199229 3.36490546e-02
2.199978 3.34035241e-02
2.200727 3.31590376e-02
2.201476 3.29155940e-02
2.202225 3.26731921e-02
2.202974 3.24318308e-02
2.203723 3.21915089e-02
2.204472 3.19522254e-02
2.205221 3.17139791e-02
2.205970 3.14767687e-02
2.206719 3.12405932e-02
2.207468 3.10054514e-02
2.208217 3.07713422e-02
2.208966 3.05382643e-02
2.209715 3.03062167e-02
2.210464 3.00751980e-02
2.211213 2.98452072e-02
2.211962 2.96162431e-02
2.212711 2.93883045e-02
2.213460 2.91613901e-02
2.214209 2.89354989e-02
2.214958 2.87106295e-02
2.215707 2.84867809e-02
2.216456 2.82639518e-02
2.217205 2.80421409e-02
2.217954 2.78213472e-02
2.218703 2.76015693e-02
2.219452 2.73828060e-02
2.220201 2.71650562e-02
2.220950 2.69483185e-02
2.221699 2.67325918e-02
2.222448 2.65178748e-02
2.223197 2.63041663e-02
2.223946 2.60914650e-02
2.224695 2.58797698e-02
2.225444 2.56690792e-02
2.226193 2.54593921e-02
2.226942 2.52507073e-02
2.227691 2.50430233e-02
2.228440 2.48363391e-02
2.229189 2.46306533e-02
2.229938 2.44259646e-02
2.230687 2.42222717e-02
2.231436 2.40195734e-02
2.232185 2.38178684e-02
2.232934 2.36171553e-02
2.233683 2.34174329e-02
2.234432 2.32186999e-02
2.235181 2.30209549e-02
2.235930 2.28241967e-02
2.236679 2.26284239e-02
2.237428 2.24336352e-02
2.238177 2.22398293e-02
2.238926 2.20470049e-02
2.239675 2.18551605e-02
2.240424 2.16642950e-02
2.241172 2.14744069e-02
2.241921 2.12854948e-02
2.242670 2.10975576e-02
2.243419 2.09105936e-02
2.244168 2.07246017e-02
2.244917 2.05395805e-02
2.245666 2.03555285e-02
2.246415 2.01724444e-02
2.247164 1.99903269e-02
2.247913 1.98091745e-02
2.248662 1.96289858e-02
2.249411 1.94497595e-02
2.250160 1.92714941e-02
2.250909 1.90941882e-02
2.251658 1.89178405e-02
2.252407 1.87424496e-02
2.253156 1.85680139e-02
2.253905 1.83945321e-02
2.254654 1.82220028e-02
2.255403 1.80504244e-02
2.256152 1.78797957e-02
2.256901 1.77101151e-02
2.257650 1.75413811e-02
2.258399 1.73735924e-02
2.259148 1.72067475e-02
2.259897 1.70408449e-02
2.260646 1.68758831e-02
2.261395 1.67118607e-02
2.262144 1.65487761e-02
2.262893 1.63866280e-02
2.263642 1.62254148e-02
2.264391 1.60651350e-02
2.265140 1.59057871e-02
2.265889 1.57473696e-02
2.266638 1.55898810e-02
2.267387 1.54333198e-02
2.268136 1.52776845e-02
2.268885 1.51229734e-02
2.269634 1.49691852e-02
2.270383 1.48163183e-02
2.271132 1.46643710e-02
2.271881 1.45133419e-02
2.272630 1.43632295e-02
2.273379 1.42140321e-02
2.274128 1.40657481e-02
2.274877 1.39183761e-02
2.275626 1.37719144e-02
2.276375 1.36263615e-02
2.277124 1.34817157e-02
2.277873 1.33379755e-02
2.278622 1.31951393e-02
2.279371 1.30532054e-02
2.280120 1.29121723e-02
2.280869 1.27720383e-02
2.281618 1.26328018e-02
2.282367 1.24944612e-02
2.283116 1.23570148e-02
2.283865 1.22204611e-02
2.284614 1.20847982e-02
2.285362 1.19500247e-02
2.286111 1.18161388e-02
2.286860 1.16831388e-02
2.287609 1.15510232e-02
2.288358 1.14197901e-02
2.289107 1.12894380e-02
2.289856 1.11599651e-02
2.290605 1.10313697e-02
2.291354 1.09036502e-02
2.292103 1.07768048e-02
2.292852 1.06508317e-02
2.293601 1.05257294e-02
2.294350 1.04014959e-02
2.295099 1.02781297e-02
2.295848 1.01556289e-02
2.296597 1.00339919e-02
2.297346 9.91321676e-03
2.298095 9.79330182e-03
2.298844 9.67424529e-03
2.299593 9.55604538e-03
2.300342 9.43870031e-03
2.301091 9.32220829e-03
2.301840 9.20656752e-03
2.302589 9.09177619e-03
2.303338 8.97783248e-03
2.304087 8.86473457e-03
2.304836 8.75248063e-03
2.305585 8.64106884e-03
2.306334 8.53049733e-03
2.307083 8.42076427e-03
2.307832 8.31186779e-03
2.308581 8.20380603e-03
2.309330 8.09657711e-03
2.310079 7.99017915e-03
2.310828 7.88461026e-03
2.311577 7.77986855e-03
2.312326 7.67595211e-03
2.313075 7.57285902e-03
2.313824 7.47058738e-03
2.314573 7.36913524e-03
2.315322 7.26850067e-03
2.316071 7.16868173e-03
2.316820 7.06967647e-03
2.317569 6.97148292e-03
2.318318 6.87409911e-03
2.319067 6.77752308e-03
2.319816 6.68175282e-03
2.320565 6.58678635e-03
2.321314 6.49262166e-03
2.322063 6.39925675e-03
2.322812 6.30668959e-03
2.323561 6.21491815e-03
2.324310 6.12394040e-03
2.325059 6.03375428e-03
2.325808 5.94435775e-03
2.326557 5.85574874e-03
2.327306 5.76792517e-03
2.328055 5.68088497e-03
2.328803 5.59462603e-03
2.329552 5.50914626e-03
2.330301 5.42444355e-03
2.331050 5.34051578e-03
2.331799 5.25736082e-03
2.332548 5.17497652e-03
2.333297 5.09336074e-03
2.334046 5.01251133e-03
2.334795 4.93242610e-03
2.335544 4.85310288e-03
2.336293 4.77453949e-03
2.337042 4.69673372e-03
2.337791 4.61968336e-03
2.338540 4.54338620e-03
2.339289 4.46784000e-03
2.340038 4.39304253e-03
2.340787 4.31899153e-03
2.341536 4.24568473e-03
2.342285 4.17311988e-03
2.343034 4.10129467e-03
2.343783 4.03020683e-03
2.344532 3.95985403e-03
2.345281 3.89023397e-03
2.346030 3.82134431e-03
2.346779 3.75318272e-03
2.347528 3.68574684e-03
2.348277 3.61903431e-03
2.349026 3.55304276e-03
2.349775 3.48776979e-03
2.350524 3.42321301e-03
2.351273 3.35937000e-03
2.352022 3.29623834e-03
2.352771 3.23381560e-03
2.353520 3.17209933e-03
2.354269 3.11108706e-03
2.355018 3.05077631e-03
2.355767 2.99116461e-03
2.356516 2.93224945e-03
2.357265 2.87402831e-03
2.358014 2.81649868e-03
2.358763 2.75965800e-03
2.359512 2.70350372e-03
2.360261 2.64803328e-03
2.361010 2.59324409e-03
2.361759 2.53913355e-03
2.362508 2.48569906e-03
2.363257 2.43293798e-03
2.364006 2.38084768e-03
2.364755 2.32942550e-03
2.365504 2.27866876e-03
2.366253 2.22857479e-03
2.367002 2.17914088e-03
2.367751 2.13036431e-03
2.368500 2.08224235e-03
2.369249 2.03477226e-03
2.369998 1.98795126e-03
2.370747 1.94177657e-03
2.371496 1.89624540e-03
2.372245 1.85135492e-03
2.372993 1.80710232e-03
2.373742 1.76348473e-03
2.374491 1.72049929e-03
2.375240 1.67814311e-03
2.375989 1.63641328e-03
2.376738 1.59530690e-03
2.377487 1.55482101e-03
2.378236 1.51495265e-03
2.378985 1.47569886e-03
2.379734 1.43705661e-03
2.380483 1.39902291e-03
2.381232 1.36159471e-03
2.381981 1.32476895e-03
2.382730 1.28854256e-03
2.383479 1.25291242e-03
2.384228 1.21787543e-03
2.384977 1.18342843e-03
2.385726 1.14956826e-03
2.386475 1.11629174e-03
2.387224 1.08359564e-03
2.387973 1.05147675e-03
2.388722 1.01993179e-03
2.389471 9.88957498e-04
2.390220 9.58550554e-04
2.390969 9.28707632e-04
2.391718 8.99425375e-04
2.392467 8.70700402e-04
2.393216 8.42529305e-04
2.393965 8.14908649e-04
2.394714 7.87834971e-04
2.395463 7.61304783e-04
2.396212 7.35314565e-04
2.396961 7.09860772e-04
2.397710 6.84939827e-04
2.398459 6.60548123e-04
2.399208 6.36682024e-04
2.399957 6.13337861e-04
2.400706 5.90511935e-04
2.401455 5.68200511e-04
2.402204 5.46399825e-04
2.402953 5.25106075e-04
2.403702 5.04315427e-04
2.404451 4.84024009e-04
2.405200 4.64227913e-04
2.405949 4.44923196e-04
2.406698 4.26105873e-04
2.407447 4.07771922e-04
2.408196 3.89917280e-04
2.408945 3.72537842e-04
2.409694 3.55629463e-04
2.410443 3.39187951e-04
2.411192 3.23209073e-04
2.411941 3.07688546e-04
2.412690 2.92622043e-04
2.413439 2.78005186e-04
2.414188 2.63833549e-04
2.414937 2.50102654e-04
2.415686 2.36807968e-04
2.416434 2.23944904e-04
2.417183 2.11508819e-04
2.417932 1.99495012e-04
2.418681 1.87898719e-04
2.419430 1.76715115e-04
2.420179 1.65939312e-04
2.420928 1.55566350e-04
2.421677 1.45591204e-04
2.422426 1.36008774e-04
2.423175 1.26813885e-04
2.423924 1.18001284e-04
2.424673 1.09565637e-04
2.425422 1.01501523e-04
2.426171 9.38034339e-05
2.426920 8.64657674e-05
2.427669 7.94828242e-05
2.428418 7.28488027e-05
2.429167 6.65577937e-05
2.429916 6.06037750e-05
2.430665 5.49806051e-05
2.431414 4.96820163e-05
2.432163 4.47016076e-05
2.432912 4.00328359e-05
2.433661 3.56690074e-05
2.434410 3.16032671e-05
2.435159 2.78285874e-05
2.435908 2.43377556e-05
2.436657 2.11233589e-05
2.437406 1.81777681e-05
2.438155 1.54931187e-05
2.438904 1.30612886e-05
2.439653 1.08738726e-05
2.440402 8.92215187e-06
2.441151 7.19705797e-06
2.441900 5.68912865e-06
2.442649 4.38845388e-06
2.443398 3.28460801e-06
2.444147 2.36656262e-06
2.444896 1.62257136e-06
2.445645 1.04001230e-06
2.446394 6.05161550e-07
2.447143 3.02846873e-07
2.447892 1.15865452e-07
2.448641 2.38426086e-08
2.449390 1.13547493e-10
