u w
-1.000000 nan
-0.999623 1.41772315e-04
-0.999246 2.82832629e-04
-0.998869 4.23182995e-04
-0.998492 5.62825462e-04
-0.998115 7.01762074e-04
-0.997738 8.39994871e-04
-0.997361 9.77525892e-04
-0.996984 1.11435717e-03
-0.996607 1.25049073e-03
-0.996230 1.38592861e-03
-0.995853 1.52067282e-03
-0.995476 1.65472539e-03
-0.995099 1.78808832e-03
-0.994722 1.92076363e-03
-0.994345 2.05275333e-03
-0.993968 2.18405942e-03
-0.993591 2.31468390e-03
-0.993214 2.44462877e-03
-0.992837 2.57389601e-03
-0.992460 2.70248762e-03
-0.992083 2.83040559e-03
-0.991706 2.95765189e-03
-0.991329 3.08422850e-03
-0.990952 3.21013740e-03
-0.990575 3.33538056e-03
-0.990198 3.45995994e-03
-0.989821 3.58387751e-03
-0.989444 3.70713522e-03
-0.989067 3.82973504e-03
-0.988690 3.95167891e-03
-0.988313 4.07296879e-03
-0.987936 4.19360661e-03
-0.987559 4.31359432e-03
-0.987182 4.43293386e-03
-0.986805 4.55162715e-03
-0.986428 4.66967614e-03
-0.986051 4.78708275e-03
-0.985674 4.90384889e-03
-0.985297 5.01997650e-03
-0.984920 5.13546748e-03
-0.984543 5.25032375e-03
-0.984166 5.36454722e-03
-0.983789 5.47813978e-03
-0.983412 5.59110336e-03
-0.983035 5.70343983e-03
-0.982658 5.81515109e-03
-0.982281 5.92623905e-03
-0.981904 6.03670557e-03
-0.981527 6.14655255e-03
-0.981150 6.25578187e-03
-0.980773 6.36439540e-03
-0.980396 6.47239501e-03
-0.980019 6.57978258e-03
-0.979642 6.68655997e-03
-0.979265 6.79272904e-03
-0.978888 6.89829166e-03
-0.978511 7.00324966e-03
-0.978134 7.10760492e-03
-0.977757 7.21135927e-03
-0.977380 7.31451456e-03
-0.977003 7.41707263e-03
-0.976626 7.51903532e-03
-0.976249 7.62040446e-03
-0.975872 7.72118188e-03
-0.975495 7.82136941e-03
-0.975118 7.92096887e-03
-0.974741 8.01998208e-03
-0.974364 8.11841086e-03
-0.973987 8.21625702e-03
-0.973610 8.31352238e-03
-0.973233 8.41020872e-03
-0.972856 8.50631787e-03
-0.972479 8.60185161e-03
-0.972102 8.69681174e-03
-0.971725 8.79120006e-03
-0.971348 8.88501835e-03
-0.970971 8.97826840e-03
-0.970594 9.07095199e-03
-0.970217 9.16307089e-03
-0.969840 9.25462689e-03
-0.969463 9.34562175e-03
-0.969086 9.43605724e-03
-0.968709 9.52593512e-03
-0.968332 9.61525716e-03
-0.967955 9.70402511e-03
-0.967578 9.79224073e-03
-0.967201 9.87990576e-03
-0.966824 9.96702196e-03
-0.966447 1.00535911e-02
-0.966070 1.01396148e-02
-0.965693 1.02250950e-02
-0.965316 1.03100332e-02
-0.964939 1.03944313e-02
-0.964562 1.04782910e-02
-0.964185 1.05616140e-02
-0.963808 1.06444020e-02
-0.963431 1.07266567e-02
-0.963054 1.08083799e-02
-0.962677 1.08895732e-02
-0.962300 1.09702384e-02
-0.961923 1.10503772e-02
-0.961546 1.11299912e-02
-0.961169 1.12090822e-02
-0.960792 1.12876518e-02
-0.960415 1.13657018e-02
-0.960038 1.14432339e-02
-0.959661 1.15202496e-02
-0.959284 1.15967507e-02
-0.958907 1.16727389e-02
-0.958530 1.17482159e-02
-0.958153 1.18231832e-02
-0.957776 1.18976426e-02
-0.957399 1.19715958e-02
-0.957022 1.20450444e-02
-0.956645 1.21179900e-02
-0.956268 1.21904343e-02
-0.955891 1.22623790e-02
-0.955514 1.23338257e-02
-0.955137 1.24047760e-02
-0.954760 1.24752317e-02
-0.954383 1.25451942e-02
-0.954006 1.26146653e-02
-0.953629 1.26836466e-02
-0.953252 1.27521397e-02
-0.952875 1.28201463e-02
-0.952498 1.28876679e-02
-0.952121 1.29547061e-02
-0.951744 1.30212627e-02
-0.951367 1.30873391e-02
-0.950990 1.31529371e-02
-0.950613 1.32180581e-02
-0.950236 1.32827039e-02
-0.949859 1.33468760e-02
-0.949482 1.34105759e-02
-0.949105 1.34738054e-02
-0.948728 1.35365659e-02
-0.948351 1.35988591e-02
-0.947974 1.36606865e-02
-0.947597 1.37220498e-02
-0.947220 1.37829504e-02
-0.946843 1.38433900e-02
-0.946466 1.39033702e-02
-0.946089 1.39628924e-02
-0.945712 1.40219583e-02
-0.945335 1.40805694e-02
-0.944958 1.41387273e-02
-0.944581 1.41964335e-02
-0.944204 1.42536896e-02
-0.943827 1.43104971e-02
-0.943450 1.43668575e-02
-0.943073 1.44227725e-02
-0.942696 1.44782435e-02
-0.942319 1.45332721e-02
-0.941942 1.45878597e-02
-0.941565 1.46420080e-02
-0.941188 1.46957185e-02
-0.940811 1.47489926e-02
-0.940434 1.48018319e-02
-0.940057 1.48542379e-02
-0.939680 1.49062121e-02
-0.939303 1.49577560e-02
-0.938926 1.50088712e-02
-0.938549 1.50595591e-02
-0.938172 1.51098212e-02
-0.937795 1.51596590e-02
-0.937418 1.52090741e-02
-0.937041 1.52580678e-02
-0.936664 1.53066417e-02
-0.936287 1.53547973e-02
-0.935910 1.54025361e-02
-0.935533 1.54498595e-02
-0.935156 1.54967689e-02
-0.934779 1.55432660e-02
-0.934402 1.55893521e-02
-0.934025 1.56350287e-02
-0.933648 1.56802972e-02
-0.933271 1.57251592e-02
-0.932894 1.57696160e-02
-0.932517 1.58136692e-02
-0.932140 1.58573201e-02
-0.931763 1.59005703e-02
-0.931386 1.59434211e-02
-0.931009 1.59858740e-02
-0.930632 1.60279305e-02
-0.930255 1.60695919e-02
-0.929878 1.61108598e-02
-0.929501 1.61517355e-02
-0.929124 1.61922204e-02
-0.928747 1.62323160e-02
-0.928370 1.62720238e-02
-0.927993 1.63113450e-02
-0.927616 1.63502811e-02
-0.927239 1.63888336e-02
-0.926862 1.64270038e-02
-0.926485 1.64647932e-02
-0.926108 1.65022031e-02
-0.925731 1.65392349e-02
-0.925354 1.65758901e-02
-0.924977 1.66121700e-02
-0.924600 1.66480760e-02
-0.924223 1.66836095e-02
-0.923846 1.67187719e-02
-0.923469 1.67535646e-02
-0.923092 1.67879889e-02
-0.922715 1.68220462e-02
-0.922338 1.68557379e-02
-0.921961 1.68890653e-02
-0.921584 1.69220298e-02
-0.921207 1.69546329e-02
-0.920830 1.69868757e-02
-0.920453 1.70187597e-02
-0.920076 1.70502863e-02
-0.919699 1.70814568e-02
-0.919322 1.71122725e-02
-0.918945 1.71427348e-02
-0.918568 1.71728450e-02
-0.918191 1.72026044e-02
-0.917814 1.72320145e-02
-0.917437 1.72610765e-02
-0.917060 1.72897917e-02
-0.916683 1.73181615e-02
-0.916306 1.73461872e-02
-0.915929 1.73738702e-02
-0.915552 1.74012117e-02
-0.915175 1.74282130e-02
-0.914798 1.74548755e-02
-0.914421 1.74812005e-02
-0.914044 1.75071893e-02
-0.913667 1.75328431e-02
-0.913290 1.75581634e-02
-0.912913 1.75831513e-02
-0.912536 1.76078082e-02
-0.912159 1.76321354e-02
-0.911782 1.76561341e-02
-0.911405 1.76798057e-02
-0.911028 1.77031514e-02
-0.910651 1.77261725e-02
-0.910274 1.77488703e-02
-0.909897 1.77712461e-02
-0.909520 1.77933011e-02
-0.909143 1.78150365e-02
-0.908766 1.78364538e-02
-0.908389 1.78575541e-02
-0.908012 1.78783386e-02
-0.907635 1.78988087e-02
-0.907258 1.79189656e-02
-0.906881 1.79388106e-02
-0.906504 1.79583449e-02
-0.906127 1.79775697e-02
-0.905750 1.79964863e-02
-0.905373 1.80150959e-02
-0.904996 1.80333998e-02
-0.904619 1.80513992e-02
-0.904242 1.80690953e-02
-0.903865 1.80864894e-02
-0.903488 1.81035827e-02
-0.903111 1.81203763e-02
-0.902734 1.81368717e-02
-0.902357 1.81530699e-02
-0.901980 1.81689721e-02
-0.901603 1.81845796e-02
-0.901226 1.81998936e-02
-0.900849 1.82149154e-02
-0.900472 1.82296460e-02
-0.900095 1.82440867e-02
-0.899718 1.82582387e-02
-0.899341 1.82721032e-02
-0.898964 1.82856814e-02
-0.898587 1.82989745e-02
-0.898210 1.83119837e-02
-0.897833 1.83247101e-02
-0.897456 1.83371549e-02
-0.897079 1.83493194e-02
-0.896702 1.83612046e-02
-0.896325 1.83728118e-02
-0.895948 1.83841422e-02
-0.895571 1.83951969e-02
-0.895194 1.84059770e-02
-0.894817 1.84164838e-02
-0.894440 1.84267184e-02
-0.894063 1.84366819e-02
-0.893686 1.84463755e-02
-0.893309 1.84558004e-02
-0.892932 1.84649577e-02
-0.892555 1.84738486e-02
-0.892178 1.84824742e-02
-0.891801 1.84908356e-02
-0.891424 1.84989340e-02
-0.891047 1.85067705e-02
-0.890670 1.85143463e-02
-0.890293 1.85216624e-02
-0.889916 1.85287201e-02
-0.889539 1.85355204e-02
-0.889162 1.85420645e-02
-0.888785 1.85483534e-02
-0.888408 1.85543884e-02
-0.888031 1.85601705e-02
-0.887654 1.85657008e-02
-0.887277 1.85709804e-02
-0.886900 1.85760105e-02
-0.886523 1.85807922e-02
-0.886146 1.85853265e-02
-0.885769 1.85896145e-02
-0.885392 1.85936574e-02
-0.885015 1.85974562e-02
-0.884638 1.86010121e-02
-0.884261 1.86043261e-02
-0.883884 1.86073993e-02
-0.883507 1.86102328e-02
-0.883130 1.86128276e-02
-0.882753 1.86151850e-02
-0.882376 1.86173058e-02
-0.881999 1.86191913e-02
-0.881622 1.86208424e-02
-0.881245 1.86222602e-02
-0.880868 1.86234459e-02
-0.880491 1.86244004e-02
-0.880114 1.86251249e-02
-0.879737 1.86256204e-02
-0.879360 1.86258879e-02
-0.878983 1.86259285e-02
-0.878606 1.86257432e-02
-0.878229 1.86253331e-02
-0.877852 1.86246993e-02
-0.877475 1.86238428e-02
-0.877098 1.86227645e-02
-0.876721 1.86214657e-02
-0.876344 1.86199472e-02
-0.875967 1.86182101e-02
-0.875590 1.86162555e-02
-0.875213 1.86140844e-02
-0.874836 1.86116978e-02
-0.874459 1.86090968e-02
-0.874082 1.86062822e-02
-0.873705 1.86032553e-02
-0.873328 1.86000169e-02
-0.872951 1.85965681e-02
-0.872574 1.85929100e-02
-0.872197 1.85890434e-02
-0.871820 1.85849694e-02
-0.871443 1.85806891e-02
-0.871066 1.85762034e-02
-0.870689 1.85715133e-02
-0.870312 1.85666198e-02
-0.869935 1.85615239e-02
-0.869558 1.85562266e-02
-0.869181 1.85507289e-02
-0.868804 1.85450318e-02
-0.868427 1.85391362e-02
-0.868050 1.85330431e-02
-0.867673 1.85267536e-02
-0.867296 1.85202685e-02
-0.866919 1.85135888e-02
-0.866542 1.85067156e-02
-0.866165 1.84996498e-02
-0.865788 1.84923923e-02
-0.865411 1.84849442e-02
-0.865034 1.84773063e-02
-0.864657 1.84694797e-02
-0.864280 1.84614653e-02
-0.863903 1.84532640e-02
-0.863526 1.84448768e-02
-0.863149 1.84363046e-02
-0.862772 1.84275485e-02
-0.862395 1.84186092e-02
-0.862018 1.84094879e-02
-0.861641 1.84001853e-02
-0.861264 1.83907026e-02
-0.860887 1.83810405e-02
-0.860510 1.83712000e-02
-0.860133 1.83611820e-02
-0.859756 1.83509876e-02
-0.859379 1.83406175e-02
-0.859002 1.83300727e-02
-0.858625 1.83193542e-02
-0.858248 1.83084629e-02
-0.857871 1.82973996e-02
-0.857494 1.82861653e-02
-0.857117 1.82747608e-02
-0.856740 1.82631872e-02
-0.856363 1.82514453e-02
-0.855986 1.82395360e-02
-0.855609 1.82274602e-02
-0.855232 1.82152188e-02
-0.854855 1.82028128e-02
-0.854478 1.81902429e-02
-0.854101 1.81775101e-02
-0.853724 1.81646153e-02
-0.853347 1.81515593e-02
-0.852970 1.81383431e-02
-0.852593 1.81249675e-02
-0.852216 1.81114335e-02
-0.851839 1.80977418e-02
-0.851462 1.80838934e-02
-0.851085 1.80698891e-02
-0.850708 1.80557298e-02
-0.850331 1.80414164e-02
-0.849954 1.80269498e-02
-0.849577 1.80123307e-02
-0.849200 1.79975601e-02
-0.848823 1.79826389e-02
-0.848446 1.79675678e-02
-0.848069 1.79523478e-02
-0.847692 1.79369796e-02
-0.847315 1.79214642e-02
-0.846938 1.79058023e-02
-0.846561 1.78899949e-02
-0.846184 1.78740428e-02
-0.845807 1.78579468e-02
-0.845430 1.78417077e-02
-0.845053 1.78253264e-02
-0.844676 1.78088038e-02
-0.844299 1.77921406e-02
-0.843922 1.77753377e-02
-0.843545 1.77583958e-02
-0.843168 1.77413160e-02
-0.842791 1.77240989e-02
-0.842414 1.77067453e-02
-0.842037 1.76892562e-02
-0.841660 1.76716323e-02
-0.841283 1.76538744e-02
-0.840906 1.76359833e-02
-0.840529 1.76179599e-02
-0.840152 1.75998050e-02
-0.839775 1.75815193e-02
-0.839398 1.75631037e-02
-0.839021 1.75445589e-02
-0.838644 1.75258858e-02
-0.838267 1.75070852e-02
-0.837890 1.74881578e-02
-0.837513 1.74691045e-02
-0.837136 1.74499260e-02
-0.836759 1.74306231e-02
-0.836382 1.74111967e-02
-0.836005 1.73916474e-02
-0.835628 1.73719761e-02
-0.835251 1.73521835e-02
-0.834874 1.73322705e-02
-0.834497 1.73122378e-02
-0.834120 1.72920861e-02
-0.833743 1.72718163e-02
-0.833366 1.72514291e-02
-0.832989 1.72309253e-02
-0.832612 1.72103056e-02
-0.832235 1.71895708e-02
-0.831858 1.71687217e-02
-0.831481 1.71477590e-02
-0.831104 1.71266835e-02
-0.830727 1.71054959e-02
-0.830350 1.70841970e-02
-0.829973 1.70627875e-02
-0.829596 1.70412681e-02
-0.829219 1.70196397e-02
-0.828842 1.69979030e-02
-0.828465 1.69760586e-02
-0.828088 1.69541074e-02
-0.827711 1.69320501e-02
-0.827334 1.69098874e-02
-0.826957 1.68876200e-02
-0.826580 1.68652487e-02
-0.826203 1.68427742e-02
-0.825826 1.68201972e-02
-0.825449 1.67975184e-02
-0.825072 1.67747386e-02
-0.824695 1.67518585e-02
-0.824318 1.67288788e-02
-0.823941 1.67058002e-02
-0.823564 1.66826235e-02
-0.823187 1.66593493e-02
-0.822810 1.66359783e-02
-0.822433 1.66125113e-02
-0.822056 1.65889490e-02
-0.821679 1.65652920e-02
-0.821302 1.65415411e-02
-0.820925 1.65176970e-02
-0.820548 1.64937603e-02
-0.820171 1.64697318e-02
-0.819794 1.64456121e-02
-0.819417 1.64214019e-02
-0.819040 1.63971020e-02
-0.818663 1.63727130e-02
-0.818286 1.63482356e-02
-0.817909 1.63236705e-02
-0.817532 1.62990183e-02
-0.817155 1.62742798e-02
-0.816778 1.62494556e-02
-0.816401 1.62245463e-02
-0.816024 1.61995528e-02
-0.815647 1.61744755e-02
-0.815270 1.61493153e-02
-0.814893 1.61240727e-02
-0.814516 1.60987485e-02
-0.814139 1.60733432e-02
-0.813762 1.60478576e-02
-0.813385 1.60222923e-02
-0.813008 1.59966480e-02
-0.812631 1.59709253e-02
-0.812254 1.59451248e-02
-0.811877 1.59192473e-02
-0.811500 1.58932933e-02
-0.811123 1.58672636e-02
-0.810746 1.58411587e-02
-0.810369 1.58149794e-02
-0.809992 1.57887261e-02
-0.809615 1.57623997e-02
-0.809238 1.57360007e-02
-0.808861 1.57095297e-02
-0.808484 1.56829874e-02
-0.808107 1.56563744e-02
-0.807730 1.56296914e-02
-0.807353 1.56029390e-02
-0.806976 1.55761177e-02
-0.806599 1.55492283e-02
-0.806222 1.55222713e-02
-0.805845 1.54952473e-02
-0.805468 1.54681571e-02
-0.805091 1.54410011e-02
-0.804714 1.54137800e-02
-0.804337 1.53864945e-02
-0.803960 1.53591451e-02
-0.803583 1.53317324e-02
-0.803206 1.53042570e-02
-0.802829 1.52767196e-02
-0.802452 1.52491208e-02
-0.802075 1.52214611e-02
-0.801698 1.51937411e-02
-0.801321 1.51659614e-02
-0.800944 1.51381227e-02
-0.800567 1.51102256e-02
-0.800190 1.50822705e-02
-0.799813 1.50542582e-02
-0.799436 1.50261891e-02
-0.799059 1.49980639e-02
-0.798682 1.49698832e-02
-0.798305 1.49416475e-02
-0.797928 1.49133574e-02
-0.797551 1.48850135e-02
-0.797174 1.48566164e-02
-0.796797 1.48281667e-02
-0.796420 1.47996648e-02
-0.796043 1.47711115e-02
-0.795666 1.47425072e-02
-0.795289 1.47138525e-02
-0.794912 1.46851480e-02
-0.794535 1.46563943e-02
-0.794158 1.46275919e-02
-0.793781 1.45987413e-02
-0.793404 1.45698432e-02
-0.793027 1.45408981e-02
-0.792650 1.45119064e-02
-0.792273 1.44828689e-02
-0.791896 1.44537860e-02
-0.791519 1.44246583e-02
-0.791142 1.43954864e-02
-0.790765 1.43662707e-02
-0.790388 1.43370118e-02
-0.790011 1.43077103e-02
-0.789634 1.42783666e-02
-0.789257 1.42489814e-02
-0.788880 1.42195552e-02
-0.788503 1.41900885e-02
-0.788126 1.41605818e-02
-0.787749 1.41310357e-02
-0.787372 1.41014507e-02
-0.786995 1.40718273e-02
-0.786618 1.40421661e-02
-0.786241 1.40124675e-02
-0.785864 1.39827321e-02
-0.785487 1.39529604e-02
-0.785110 1.39231530e-02
-0.784733 1.38933103e-02
-0.784356 1.38634328e-02
-0.783979 1.38335211e-02
-0.783602 1.38035757e-02
-0.783225 1.37735971e-02
-0.782848 1.37435858e-02
-0.782471 1.37135423e-02
-0.782094 1.36834670e-02
-0.781717 1.36533606e-02
-0.781340 1.36232235e-02
-0.780963 1.35930562e-02
-0.780586 1.35628593e-02
-0.780209 1.35326331e-02
-0.779832 1.35023782e-02
-0.779455 1.34720950e-02
-0.779078 1.34417842e-02
-0.778701 1.34114461e-02
-0.778324 1.33810813e-02
-0.777947 1.33506902e-02
-0.777570 1.33202733e-02
-0.777193 1.32898311e-02
-0.776816 1.32593641e-02
-0.776439 1.32288727e-02
-0.776062 1.31983575e-02
-0.775685 1.31678188e-02
-0.775308 1.31372573e-02
-0.774931 1.31066733e-02
-0.774554 1.30760673e-02
-0.774177 1.30454398e-02
-0.773800 1.30147912e-02
-0.773423 1.29841221e-02
-0.773046 1.29534329e-02
-0.772669 1.29227239e-02
-0.772292 1.28919958e-02
-0.771915 1.28612490e-02
-0.771538 1.28304838e-02
-0.771161 1.27997009e-02
-0.770784 1.27689005e-02
-0.770407 1.27380833e-02
-0.770030 1.27072495e-02
-0.769653 1.26763997e-02
-0.769276 1.26455344e-02
-0.768899 1.26146539e-02
-0.768522 1.25837587e-02
-0.768145 1.25528492e-02
-0.767768 1.25219259e-02
-0.767391 1.24909893e-02
-0.767014 1.24600397e-02
-0.766637 1.24290776e-02
-0.766260 1.23981035e-02
-0.765883 1.23671177e-02
-0.765506 1.23361206e-02
-0.765129 1.23051129e-02
-0.764752 1.22740947e-02
-0.764375 1.22430666e-02
-0.763998 1.22120290e-02
-0.763621 1.21809824e-02
-0.763244 1.21499271e-02
-0.762867 1.21188635e-02
-0.762490 1.20877921e-02
-0.762113 1.20567133e-02
-0.761736 1.20256275e-02
-0.761359 1.19945351e-02
-0.760982 1.19634365e-02
-0.760605 1.19323322e-02
-0.760228 1.19012225e-02
-0.759851 1.18701078e-02
-0.759474 1.18389886e-02
-0.759097 1.18078653e-02
-0.758720 1.17767382e-02
-0.758343 1.17456078e-02
-0.757966 1.17144744e-02
-0.757589 1.16833385e-02
-0.757212 1.16522005e-02
-0.756835 1.16210607e-02
-0.756458 1.15899195e-02
-0.756081 1.15587773e-02
-0.755704 1.15276346e-02
-0.755327 1.14964917e-02
-0.754950 1.14653489e-02
-0.754573 1.14342067e-02
-0.754196 1.14030655e-02
-0.753819 1.13719256e-02
-0.753442 1.13407875e-02
-0.753065 1.13096514e-02
-0.752688 1.12785178e-02
-0.752311 1.12473870e-02
-0.751934 1.12162595e-02
-0.751557 1.11851356e-02
-0.751180 1.11540156e-02
-0.750803 1.11229000e-02
-0.750426 1.10917890e-02
-0.750049 1.10606832e-02
-0.749672 1.10295827e-02
-0.749295 1.09984881e-02
-0.748918 1.09673996e-02
-0.748541 1.09363177e-02
-0.748164 1.09052426e-02
-0.747787 1.08741747e-02
-0.747410 1.08431145e-02
-0.747033 1.08120622e-02
-0.746656 1.07810182e-02
-0.746279 1.07499828e-02
-0.745902 1.07189565e-02
-0.745525 1.06879395e-02
-0.745148 1.06569321e-02
-0.744771 1.06259349e-02
-0.744394 1.05949480e-02
-0.744017 1.05639718e-02
-0.743640 1.05330068e-02
-0.743263 1.05020531e-02
-0.742886 1.04711112e-02
-0.742509 1.04401813e-02
-0.742132 1.04092639e-02
-0.741755 1.03783592e-02
-0.741378 1.03474677e-02
-0.741001 1.03165895e-02
-0.740624 1.02857251e-02
-0.740247 1.02548748e-02
-0.739870 1.02240389e-02
-0.739493 1.01932177e-02
-0.739116 1.01624115e-02
-0.738739 1.01316208e-02
-0.738362 1.01008457e-02
-0.737985 1.00700866e-02
-0.737608 1.00393439e-02
-0.737231 1.00086179e-02
-0.736854 9.97790879e-03
-0.736477 9.94721699e-03
-0.736100 9.91654278e-03
-0.735723 9.88588648e-03
-0.735346 9.85524840e-03
-0.734969 9.82462885e-03
-0.734592 9.79402813e-03
-0.734215 9.76344655e-03
-0.733838 9.73288441e-03
-0.733461 9.70234203e-03
-0.733084 9.67181969e-03
-0.732707 9.64131770e-03
-0.732330 9.61083636e-03
-0.731953 9.58037597e-03
-0.731576 9.54993682e-03
-0.731199 9.51951921e-03
-0.730822 9.48912343e-03
-0.730445 9.45874977e-03
-0.730068 9.42839853e-03
-0.729691 9.39807000e-03
-0.729314 9.36776445e-03
-0.728937 9.33748219e-03
-0.728560 9.30722349e-03
-0.728183 9.27698864e-03
-0.727806 9.24677792e-03
-0.727429 9.21659161e-03
-0.727052 9.18643000e-03
-0.726675 9.15629336e-03
-0.726298 9.12618197e-03
-0.725921 9.09609611e-03
-0.725544 9.06603604e-03
-0.725167 9.03600206e-03
-0.724790 9.00599441e-03
-0.724413 8.97601339e-03
-0.724036 8.94605925e-03
-0.723659 8.91613227e-03
-0.723282 8.88623271e-03
-0.722905 8.85636084e-03
-0.722528 8.82651692e-03
-0.722151 8.79670121e-03
-0.721774 8.76691399e-03
-0.721397 8.73715550e-03
-0.721020 8.70742600e-03
-0.720643 8.67772577e-03
-0.720266 8.64805504e-03
-0.719889 8.61841408e-03
-0.719512 8.58880314e-03
-0.719135 8.55922247e-03
-0.718758 8.52967233e-03
-0.718381 8.50015296e-03
-0.718004 8.47066462e-03
-0.717627 8.44120755e-03
-0.717250 8.41178200e-03
-0.716873 8.38238821e-03
-0.716496 8.35302643e-03
-0.716119 8.32369689e-03
-0.715742 8.29439985e-03
-0.715365 8.26513554e-03
-0.714988 8.23590420e-03
-0.714611 8.20670607e-03
-0.714234 8.17754138e-03
-0.713857 8.14841037e-03
-0.713480 8.11931327e-03
-0.713103 8.09025032e-03
-0.712726 8.06122175e-03
-0.712349 8.03222778e-03
-0.711972 8.00326865e-03
-0.711595 7.97434459e-03
-0.711218 7.94545581e-03
-0.710841 7.91660255e-03
-0.710464 7.88778503e-03
-0.710087 7.85900348e-03
-0.709710 7.83025810e-03
-0.709333 7.80154913e-03
-0.708956 7.77287679e-03
-0.708579 7.74424129e-03
-0.708202 7.71564284e-03
-0.707825 7.68708168e-03
-0.707448 7.65855799e-03
-0.707071 7.63007202e-03
-0.706694 7.60162395e-03
-0.706317 7.57321401e-03
-0.705940 7.54484241e-03
-0.705563 7.51650934e-03
-0.705186 7.48821503e-03
-0.704809 7.45995967e-03
-0.704432 7.43174348e-03
-0.704055 7.40356665e-03
-0.703678 7.37542938e-03
-0.703301 7.34733189e-03
-0.702924 7.31927436e-03
-0.702547 7.29125700e-03
-0.702170 7.26328001e-03
-0.701793 7.23534358e-03
-0.701416 7.20744791e-03
-0.701039 7.17959319e-03
-0.700662 7.15177961e-03
-0.700285 7.12400737e-03
-0.699908 7.09627667e-03
-0.699531 7.06858767e-03
-0.699154 7.04094059e-03
-0.698777 7.01333560e-03
-0.698400 6.98577289e-03
-0.698023 6.95825265e-03
-0.697646 6.93077506e-03
-0.697269 6.90334030e-03
-0.696892 6.87594856e-03
-0.696515 6.84860001e-03
-0.696138 6.82129484e-03
-0.695761 6.79403322e-03
-0.695384 6.76681533e-03
-0.695007 6.73964135e-03
-0.694630 6.71251145e-03
-0.694253 6.68542581e-03
-0.693876 6.65838459e-03
-0.693499 6.63138798e-03
-0.693122 6.60443614e-03
-0.692745 6.57752924e-03
-0.692368 6.55066745e-03
-0.691991 6.52385093e-03
-0.691614 6.49707986e-03
-0.691237 6.47035440e-03
-0.690860 6.44367471e-03
-0.690483 6.41704096e-03
-0.690106 6.39045330e-03
-0.689729 6.36391190e-03
-0.689352 6.33741692e-03
-0.688975 6.31096852e-03
-0.688598 6.28456685e-03
-0.688221 6.25821207e-03
-0.687844 6.23190433e-03
-0.687467 6.20564380e-03
-0.687090 6.17943062e-03
-0.686713 6.15326495e-03
-0.686336 6.12714693e-03
-0.685959 6.10107672e-03
-0.685582 6.07505447e-03
-0.685205 6.04908032e-03
-0.684828 6.02315443e-03
-0.684451 5.99727693e-03
-0.684074 5.97144797e-03
-0.683697 5.94566770e-03
-0.683320 5.91993626e-03
-0.682943 5.89425379e-03
-0.682566 5.86862043e-03
-0.682189 5.84303632e-03
-0.681812 5.81750160e-03
-0.681435 5.79201641e-03
-0.681058 5.76658088e-03
-0.680681 5.74119515e-03
-0.680304 5.71585935e-03
-0.679927 5.69057362e-03
-0.679550 5.66533809e-03
-0.679173 5.64015289e-03
-0.678796 5.61501816e-03
-0.678419 5.58993401e-03
-0.678042 5.56490059e-03
-0.677665 5.53991801e-03
-0.677288 5.51498640e-03
-0.676911 5.49010589e-03
-0.676534 5.46527661e-03
-0.676157 5.44049867e-03
-0.675780 5.41577220e-03
-0.675403 5.39109733e-03
-0.675026 5.36647416e-03
-0.674649 5.34190282e-03
-0.674272 5.31738344e-03
-0.673895 5.29291611e-03
-0.673518 5.26850098e-03
-0.673141 5.24413814e-03
-0.672764 5.21982771e-03
-0.672387 5.19556981e-03
-0.672010 5.17136455e-03
-0.671633 5.14721204e-03
-0.671256 5.12311239e-03
-0.670879 5.09906571e-03
-0.670502 5.07507211e-03
-0.670125 5.05113170e-03
-0.669748 5.02724458e-03
-0.669371 5.00341086e-03
-0.668994 4.97963065e-03
-0.668617 4.95590405e-03
-0.668240 4.93223116e-03
-0.667863 4.90861209e-03
-0.667486 4.88504693e-03
-0.667109 4.86153578e-03
-0.666732 4.83807875e-03
-0.666355 4.81467593e-03
-0.665978 4.79132743e-03
-0.665601 4.76803333e-03
-0.665224 4.74479373e-03
-0.664847 4.72160873e-03
-0.664470 4.69847842e-03
-0.664093 4.67540290e-03
-0.663716 4.65238224e-03
-0.663339 4.62941656e-03
-0.662962 4.60650593e-03
-0.662585 4.58365045e-03
-0.662208 4.56085020e-03
-0.661831 4.53810527e-03
-0.661454 4.51541574e-03
-0.661077 4.49278171e-03
-0.660700 4.47020326e-03
-0.660323 4.44768047e-03
-0.659946 4.42521341e-03
-0.659569 4.40280219e-03
-0.659192 4.38044687e-03
-0.658815 4.35814754e-03
-0.658438 4.33590427e-03
-0.658061 4.31371714e-03
-0.657684 4.29158624e-03
-0.657307 4.26951163e-03
-0.656930 4.24749339e-03
-0.656553 4.22553161e-03
-0.656176 4.20362634e-03
-0.655799 4.18177767e-03
-0.655422 4.15998567e-03
-0.655045 4.13825040e-03
-0.654668 4.11657194e-03
-0.654291 4.09495036e-03
-0.653914 4.07338572e-03
-0.653537 4.05187810e-03
-0.653160 4.03042756e-03
-0.652783 4.00903417e-03
-0.652406 3.98769799e-03
-0.652029 3.96641909e-03
-0.651652 3.94519753e-03
-0.651275 3.92403337e-03
-0.650898 3.90292667e-03
-0.650521 3.88187750e-03
-0.650144 3.86088592e-03
-0.649767 3.83995198e-03
-0.649390 3.81907575e-03
-0.649013 3.79825727e-03
-0.648636 3.77749662e-03
-0.648259 3.75679384e-03
-0.647882 3.73614899e-03
-0.647505 3.71556212e-03
-0.647128 3.69503329e-03
-0.646751 3.67456255e-03
-0.646374 3.65414995e-03
-0.645997 3.63379555e-03
-0.645620 3.61349938e-03
-0.645243 3.59326151e-03
-0.644866 3.57308198e-03
-0.644489 3.55296084e-03
-0.644112 3.53289814e-03
-0.643735 3.51289392e-03
-0.643358 3.49294822e-03
-0.642981 3.47306110e-03
-0.642604 3.45323259e-03
-0.642227 3.43346274e-03
-0.641850 3.41375160e-03
-0.641473 3.39409919e-03
-0.641096 3.37450557e-03
-0.640719 3.35497077e-03
-0.640342 3.33549484e-03
-0.639965 3.31607780e-03
-0.639588 3.29671971e-03
-0.639211 3.27742058e-03
-0.638834 3.25818047e-03
-0.638457 3.23899941e-03
-0.638080 3.21987742e-03
-0.637703 3.20081455e-03
-0.637326 3.18181082e-03
-0.636949 3.16286627e-03
-0.636572 3.14398094e-03
-0.636195 3.12515484e-03
-0.635818 3.10638802e-03
-0.635441 3.08768049e-03
-0.635064 3.06903230e-03
-0.634687 3.05044345e-03
-0.634310 3.03191400e-03
-0.633933 3.01344394e-03
-0.633556 2.99503333e-03
-0.633179 2.97668217e-03
-0.632802 2.95839049e-03
-0.632425 2.94015832e-03
-0.632048 2.92198568e-03
-0.631671 2.90387259e-03
-0.631294 2.88581906e-03
-0.630917 2.86782513e-03
-0.630540 2.84989081e-03
-0.630163 2.83201611e-03
-0.629786 2.81420107e-03
-0.629409 2.79644568e-03
-0.629032 2.77874998e-03
-0.628655 2.76111397e-03
-0.628278 2.74353768e-03
-0.627901 2.72602111e-03
-0.627524 2.70856428e-03
-0.627147 2.69116720e-03
-0.626770 2.67382989e-03
-0.626393 2.65655235e-03
-0.626016 2.63933460e-03
-0.625639 2.62217665e-03
-0.625262 2.60507850e-03
-0.624885 2.58804017e-03
-0.624508 2.57106167e-03
-0.624131 2.55414299e-03
-0.623754 2.53728415e-03
-0.623377 2.52048516e-03
-0.623000 2.50374602e-03
-0.622623 2.48706673e-03
-0.622246 2.47044729e-03
-0.621869 2.45388772e-03
-0.621492 2.43738801e-03
-0.621115 2.42094817e-03
-0.620738 2.40456819e-03
-0.620361 2.38824808e-03
-0.619984 2.37198784e-03
-0.619607 2.35578746e-03
-0.619230 2.33964695e-03
-0.618853 2.32356630e-03
-0.618476 2.30754551e-03
-0.618099 2.29158458e-03
-0.617722 2.27568350e-03
-0.617345 2.25984227e-03
-0.616968 2.24406087e-03
-0.616591 2.22833932e-03
-0.616214 2.21267760e-03
-0.615837 2.19707569e-03
-0.615460 2.18153361e-03
-0.615083 2.16605132e-03
-0.614706 2.15062884e-03
-0.614329 2.13526614e-03
-0.613952 2.11996321e-03
-0.613575 2.10472005e-03
-0.613198 2.08953665e-03
-0.612821 2.07441298e-03
-0.612444 2.05934904e-03
-0.612067 2.04434481e-03
-0.611690 2.02940029e-03
-0.611313 2.01451544e-03
-0.610936 1.99969027e-03
-0.610559 1.98492475e-03
-0.610182 1.97021886e-03
-0.609805 1.95557259e-03
-0.609428 1.94098593e-03
-0.609051 1.92645884e-03
-0.608674 1.91199131e-03
-0.608297 1.89758333e-03
-0.607920 1.88323487e-03
-0.607543 1.86894591e-03
-0.607166 1.85471643e-03
-0.606789 1.84054640e-03
-0.606412 1.82643581e-03
-0.606035 1.81238463e-03
-0.605658 1.79839283e-03
-0.605281 1.78446040e-03
-0.604904 1.77058730e-03
-0.604527 1.75677351e-03
-0.604150 1.74301901e-03
-0.603773 1.72932376e-03
-0.603396 1.71568774e-03
-0.603019 1.70211093e-03
-0.602642 1.68859328e-03
-0.602265 1.67513478e-03
-0.601888 1.66173539e-03
-0.601511 1.64839508e-03
-0.601134 1.63511382e-03
-0.600757 1.62189159e-03
-0.600380 1.60872834e-03
-0.600003 1.59562404e-03
-0.599626 1.58257867e-03
-0.599249 1.56959218e-03
-0.598872 1.55666455e-03
-0.598495 1.54379573e-03
-0.598118 1.53098570e-03
-0.597741 1.51823441e-03
-0.597364 1.50554183e-03
-0.596987 1.49290793e-03
-0.596610 1.48033266e-03
-0.596233 1.46781598e-03
-0.595856 1.45535786e-03
-0.595479 1.44295826e-03
-0.595102 1.43061714e-03
-0.594725 1.41833445e-03
-0.594348 1.40611017e-03
-0.593971 1.39394423e-03
-0.593594 1.38183661e-03
-0.593217 1.36978726e-03
-0.592840 1.35779614e-03
-0.592463 1.34586319e-03
-0.592086 1.33398839e-03
-0.591709 1.32217168e-03
-0.591332 1.31041303e-03
-0.590955 1.29871237e-03
-0.590578 1.28706967e-03
-0.590201 1.27548488e-03
-0.589824 1.26395796e-03
-0.589447 1.25248885e-03
-0.589070 1.24107750e-03
-0.588693 1.22972388e-03
-0.588316 1.21842792e-03
-0.587939 1.20718958e-03
-0.587562 1.19600881e-03
-0.587185 1.18488556e-03
-0.586808 1.17381977e-03
-0.586431 1.16281140e-03
-0.586054 1.15186038e-03
-0.585677 1.14096668e-03
-0.585300 1.13013024e-03
-0.584923 1.11935099e-03
-0.584546 1.10862889e-03
-0.584169 1.09796389e-03
-0.583792 1.08735592e-03
-0.583415 1.07680493e-03
-0.583038 1.06631087e-03
-0.582661 1.05587368e-03
-0.582284 1.04549330e-03
-0.581907 1.03516967e-03
-0.581530 1.02490274e-03
-0.581153 1.01469245e-03
-0.580776 1.00453873e-03
-0.580399 9.94441531e-04
-0.580022 9.84400791e-04
-0.579645 9.74416449e-04
-0.579268 9.64488443e-04
-0.578891 9.54616713e-04
-0.578514 9.44801196e-04
-0.578137 9.35041830e-04
-0.577760 9.25338553e-04
-0.577383 9.15691301e-04
-0.577006 9.06100010e-04
-0.576629 8.96564617e-04
-0.576252 8.87085056e-04
-0.575875 8.77661263e-04
-0.575498 8.68293172e-04
-0.575121 8.58980718e-04
-0.574744 8.49723833e-04
-0.574367 8.40522452e-04
-0.573990 8.31376506e-04
-0.573613 8.22285929e-04
-0.573236 8.13250652e-04
-0.572859 8.04270606e-04
-0.572482 7.95345723e-04
-0.572105 7.86475933e-04
-0.571728 7.77661167e-04
-0.571351 7.68901353e-04
-0.570974 7.60196422e-04
-0.570597 7.51546303e-04
-0.570220 7.42950923e-04
-0.569843 7.34410211e-04
-0.569466 7.25924095e-04
-0.569089 7.17492502e-04
-0.568712 7.09115358e-04
-0.568335 7.00792591e-04
-0.567958 6.92524125e-04
-0.567581 6.84309888e-04
-0.567204 6.76149803e-04
-0.566827 6.68043796e-04
-0.566450 6.59991791e-04
-0.566073 6.51993712e-04
-0.565696 6.44049483e-04
-0.565319 6.36159026e-04
-0.564942 6.28322265e-04
-0.564565 6.20539123e-04
-0.564188 6.12809521e-04
-0.563811 6.05133380e-04
-0.563434 5.97510622e-04
-0.563057 5.89941168e-04
-0.562680 5.82424939e-04
-0.562303 5.74961854e-04
-0.561926 5.67551833e-04
-0.561549 5.60194796e-04
-0.561172 5.52890661e-04
-0.560795 5.45639347e-04
-0.560418 5.38440772e-04
-0.560041 5.31294854e-04
-0.559664 5.24201511e-04
-0.559287 5.17160659e-04
-0.558910 5.10172216e-04
-0.558533 5.03236097e-04
-0.558156 4.96352220e-04
-0.557779 4.89520498e-04
-0.557402 4.82740848e-04
-0.557025 4.76013184e-04
-0.556648 4.69337422e-04
-0.556271 4.62713475e-04
-0.555894 4.56141256e-04
-0.555517 4.49620681e-04
-0.555140 4.43151661e-04
-0.554763 4.36734110e-04
-0.554386 4.30367940e-04
-0.554009 4.24053063e-04
-0.553632 4.17789391e-04
-0.553255 4.11576835e-04
-0.552878 4.05415306e-04
-0.552501 3.99304716e-04
-0.552124 3.93244974e-04
-0.551747 3.87235991e-04
-0.551370 3.81277676e-04
-0.550993 3.75369939e-04
-0.550616 3.69512689e-04
-0.550239 3.63705834e-04
-0.549862 3.57949283e-04
-0.549485 3.52242945e-04
-0.549108 3.46586726e-04
-0.548731 3.40980535e-04
-0.548354 3.35424278e-04
-0.547977 3.29917862e-04
-0.547600 3.24461194e-04
-0.547223 3.19054180e-04
-0.546846 3.13696726e-04
-0.546469 3.08388737e-04
-0.546092 3.03130119e-04
-0.545715 2.97920776e-04
-0.545338 2.92760613e-04
-0.544961 2.87649535e-04
-0.544584 2.82587446e-04
-0.544207 2.77574248e-04
-0.543830 2.72609847e-04
-0.543453 2.67694143e-04
-0.543076 2.62827042e-04
-0.542699 2.58008445e-04
-0.542322 2.53238254e-04
-0.541945 2.48516371e-04
-0.541568 2.43842698e-04
-0.541191 2.39217136e-04
-0.540814 2.34639587e-04
-0.540437 2.30109951e-04
-0.540060 2.25628128e-04
-0.539683 2.21194020e-04
-0.539306 2.16807525e-04
-0.538929 2.12468543e-04
-0.538552 2.08176975e-04
-0.538175 2.03932718e-04
-0.537798 1.99735672e-04
-0.537421 1.95585735e-04
-0.537044 1.91482806e-04
-0.536667 1.87426782e-04
-0.536290 1.83417561e-04
-0.535913 1.79455042e-04
-0.535536 1.75539120e-04
-0.535159 1.71669694e-04
-0.534782 1.67846658e-04
-0.534405 1.64069911e-04
-0.534028 1.60339349e-04
-0.533651 1.56654866e-04
-0.533274 1.53016359e-04
-0.532897 1.49423723e-04
-0.532520 1.45876854e-04
-0.532143 1.42375646e-04
-0.531766 1.38919993e-04
-0.531389 1.35509791e-04
-0.531012 1.32144933e-04
-0.530635 1.28825314e-04
-0.530258 1.25550826e-04
-0.529881 1.22321364e-04
-0.529504 1.19136820e-04
-0.529127 1.15997088e-04
-0.528750 1.12902060e-04
-0.528373 1.09851629e-04
-0.527996 1.06845686e-04
-0.527619 1.03884124e-04
-0.527242 1.00966835e-04
-0.526865 9.80937106e-05
-0.526488 9.52646412e-05
-0.526111 9.24795184e-05
-0.525734 8.97382331e-05
-0.525357 8.70406757e-05
-0.524980 8.43867369e-05
-0.524603 8.17763066e-05
-0.524226 7.92092751e-05
-0.523849 7.66855318e-05
-0.523472 7.42049666e-05
-0.523095 7.17674685e-05
-0.522718 6.93729268e-05
-0.522341 6.70212304e-05
-0.521964 6.47122679e-05
-0.521587 6.24459278e-05
-0.521210 6.02220985e-05
-0.520833 5.80406679e-05
-0.520456 5.59015239e-05
-0.520079 5.38045542e-05
-0.519702 5.17496463e-05
-0.519325 4.97366874e-05
-0.518948 4.77655646e-05
-0.518571 4.58361647e-05
-0.518194 4.39483744e-05
-0.517817 4.21020803e-05
-0.517440 4.02971685e-05
-0.517063 3.85335253e-05
-0.516686 3.68110364e-05
-0.516309 3.51295876e-05
-0.515932 3.34890645e-05
-0.515555 3.18893524e-05
-0.515178 3.03303364e-05
-0.514801 2.88119015e-05
-0.514424 2.73339327e-05
-0.514047 2.58963143e-05
-0.513670 2.44989310e-05
-0.513293 2.31416670e-05
-0.512916 2.18244064e-05
-0.512539 2.05470331e-05
-0.512162 1.93094308e-05
-0.511785 1.81114832e-05
-0.511408 1.69530737e-05
-0.511031 1.58340854e-05
-0.510654 1.47544015e-05
-0.510277 1.37139050e-05
-0.509900 1.27124785e-05
-0.509523 1.17500046e-05
-0.509146 1.08263658e-05
-0.508769 nan
-0.508392 nan
-0.508015 nan
-0.507638 nan
-0.507261 nan
-0.506884 nan
-0.506507 nan
-0.506130 nan
-0.505753 nan
-0.505376 nan
-0.504999 nan
-0.504622 nan
-0.504245 nan
-0.503868 nan
-0.503491 nan
-0.503114 nan
-0.502737 nan
-0.502360 nan
-0.501983 nan
-0.501606 nan
-0.501229 nan
-0.500852 nan
-0.500475 nan
-0.500098 nan
-0.499721 nan
-0.499344 nan
-0.498967 nan
-0.498590 nan
-0.498213 nan
-0.497836 nan
-0.497459 nan
-0.497082 nan
-0.496705 nan
-0.496328 nan
-0.495951 nan
-0.495574 nan
-0.495197 nan
-0.494820 nan
-0.494443 nan
-0.494066 nan
-0.493689 nan
-0.493312 nan
-0.492935 nan
-0.492558 nan
-0.492181 nan
-0.491804 nan
-0.491427 nan
-0.491050 nan
-0.490673 1.06534012e-05
-0.490296 1.15184926e-05
-0.489919 1.24162438e-05
-0.489542 1.33465309e-05
-0.489165 1.43092297e-05
-0.488788 1.53042161e-05
-0.488411 1.63313659e-05
-0.488034 1.73905549e-05
-0.487657 1.84816585e-05
-0.487280 1.96045524e-05
-0.486903 2.07591120e-05
-0.486526 2.19452126e-05
-0.486149 2.31627296e-05
-0.485772 2.44115382e-05
-0.485395 2.56915136e-05
-0.485018 2.70025307e-05
-0.484641 2.83444647e-05
-0.484264 2.97171904e-05
-0.483887 3.11205827e-05
-0.483510 3.25545164e-05
-0.483133 3.40188663e-05
-0.482756 3.55135070e-05
-0.482379 3.70383131e-05
-0.482002 3.85931592e-05
-0.481625 4.01779196e-05
-0.481248 4.17924690e-05
-0.480871 4.34366816e-05
-0.480494 4.51104317e-05
-0.480117 4.68135935e-05
-0.479740 4.85460414e-05
-0.479363 5.03076493e-05
-0.478986 5.20982915e-05
-0.478609 5.39178419e-05
-0.478232 5.57661745e-05
-0.477855 5.76431633e-05
-0.477478 5.95486821e-05
-0.477101 6.14826049e-05
-0.476724 6.34448053e-05
-0.476347 6.54351572e-05
-0.475970 6.74535344e-05
-0.475593 6.94998103e-05
-0.475216 7.15738588e-05
-0.474839 7.36755534e-05
-0.474462 7.58047677e-05
-0.474085 7.79613752e-05
-0.473708 8.01452493e-05
-0.473331 8.23562636e-05
-0.472954 8.45942914e-05
-0.472577 8.68592063e-05
-0.472200 8.91508814e-05
-0.471823 9.14691903e-05
-0.471446 9.38140061e-05
-0.471069 9.61852022e-05
-0.470692 9.85826518e-05
-0.470315 1.01006228e-04
-0.469938 1.03455805e-04
-0.469561 1.05931254e-04
-0.469184 1.08432450e-04
-0.468807 1.10959265e-04
-0.468430 1.13511573e-04
-0.468053 1.16089247e-04
-0.467676 1.18692160e-04
-0.467299 1.21320184e-04
-0.466922 1.23973194e-04
-0.466545 1.26651062e-04
-0.466168 1.29353661e-04
-0.465791 1.32080864e-04
-0.465414 1.34832544e-04
-0.465037 1.37608575e-04
-0.464660 1.40408829e-04
-0.464283 1.43233179e-04
-0.463906 1.46081499e-04
-0.463529 1.48953661e-04
-0.463152 1.51849539e-04
-0.462775 1.54769005e-04
-0.462398 1.57711932e-04
-0.462021 1.60678194e-04
-0.461644 1.63667664e-04
-0.461267 1.66680214e-04
-0.460890 1.69715717e-04
-0.460513 1.72774047e-04
-0.460136 1.75855077e-04
-0.459759 1.78958680e-04
-0.459382 1.82084728e-04
-0.459005 1.85233096e-04
-0.458628 1.88403655e-04
-0.458251 1.91596280e-04
-0.457874 1.94810843e-04
-0.457497 1.98047217e-04
-0.457120 2.01305276e-04
-0.456743 2.04584893e-04
-0.456366 2.07885940e-04
-0.455989 2.11208292e-04
-0.455612 2.14551822e-04
-0.455235 2.17916402e-04
-0.454858 2.21301906e-04
-0.454481 2.24708207e-04
-0.454104 2.28135180e-04
-0.453727 2.31582696e-04
-0.453350 2.35050630e-04
-0.452973 2.38538855e-04
-0.452596 2.42047244e-04
-0.452219 2.45575671e-04
-0.451842 2.49124010e-04
-0.451465 2.52692134e-04
-0.451088 2.56279916e-04
-0.450711 2.59887231e-04
-0.450334 2.63513951e-04
-0.449957 2.67159952e-04
-0.449580 2.70825106e-04
-0.449203 2.74509287e-04
-0.448826 2.78212369e-04
-0.448449 2.81934227e-04
-0.448072 2.85674733e-04
-0.447695 2.89433762e-04
-0.447318 2.93211188e-04
-0.446941 2.97006886e-04
-0.446564 3.00820728e-04
-0.446187 3.04652590e-04
-0.445810 3.08502345e-04
-0.445433 3.12369869e-04
-0.445056 3.16255034e-04
-0.444679 3.20157717e-04
-0.444302 3.24077790e-04
-0.443925 3.28015128e-04
-0.443548 3.31969607e-04
-0.443171 3.35941101e-04
-0.442794 3.39929484e-04
-0.442417 3.43934631e-04
-0.442040 3.47956417e-04
-0.441663 3.51994717e-04
-0.441286 3.56049406e-04
-0.440909 3.60120359e-04
-0.440532 3.64207450e-04
-0.440155 3.68310555e-04
-0.439778 3.72429550e-04
-0.439401 3.76564309e-04
-0.439024 3.80714707e-04
-0.438647 3.84880621e-04
-0.438270 3.89061926e-04
-0.437893 3.93258496e-04
-0.437516 3.97470209e-04
-0.437139 4.01696939e-04
-0.436762 4.05938562e-04
-0.436385 4.10194955e-04
-0.436008 4.14465992e-04
-0.435631 4.18751551e-04
-0.435254 4.23051508e-04
-0.434877 4.27365737e-04
-0.434500 4.31694116e-04
-0.434123 4.36036522e-04
-0.433746 4.40392830e-04
-0.433369 4.44762917e-04
-0.432992 4.49146659e-04
-0.432615 4.53543934e-04
-0.432238 4.57954618e-04
-0.431861 4.62378588e-04
-0.431484 4.66815721e-04
-0.431107 4.71265894e-04
-0.430730 4.75728984e-04
-0.430353 4.80204869e-04
-0.429976 4.84693426e-04
-0.429599 4.89194531e-04
-0.429222 4.93708064e-04
-0.428845 4.98233900e-04
-0.428468 5.02771919e-04
-0.428091 5.07321998e-04
-0.427714 5.11884015e-04
-0.427337 5.16457848e-04
-0.426960 5.21043374e-04
-0.426583 5.25640474e-04
-0.426206 5.30249023e-04
-0.425829 5.34868902e-04
-0.425452 5.39499989e-04
-0.425075 5.44142162e-04
-0.424698 5.48795300e-04
-0.424321 5.53459282e-04
-0.423944 5.58133987e-04
-0.423567 5.62819294e-04
-0.423190 5.67515083e-04
-0.422813 5.72221232e-04
-0.422436 5.76937622e-04
-0.422059 5.81664131e-04
-0.421682 5.86400639e-04
-0.421305 5.91147027e-04
-0.420928 5.95903174e-04
-0.420551 6.00668960e-04
-0.420174 6.05444266e-04
-0.419797 6.10228971e-04
-0.419420 6.15022956e-04
-0.419043 6.19826102e-04
-0.418666 6.24638289e-04
-0.418289 6.29459397e-04
-0.417912 6.34289309e-04
-0.417535 6.39127905e-04
-0.417158 6.43975066e-04
-0.416781 6.48830673e-04
-0.416404 6.53694608e-04
-0.416027 6.58566752e-04
-0.415650 6.63446988e-04
-0.415273 6.68335196e-04
-0.414896 6.73231259e-04
-0.414519 6.78135058e-04
-0.414142 6.83046477e-04
-0.413765 6.87965398e-04
-0.413388 6.92891702e-04
-0.413011 6.97825273e-04
-0.412634 7.02765993e-04
-0.412257 7.07713745e-04
-0.411880 7.12668413e-04
-0.411503 7.17629879e-04
-0.411126 7.22598027e-04
-0.410749 7.27572740e-04
-0.410372 7.32553902e-04
-0.409995 7.37541396e-04
-0.409618 7.42535107e-04
-0.409241 7.47534919e-04
-0.408864 7.52540716e-04
-0.408487 7.57552382e-04
-0.408110 7.62569801e-04
-0.407733 7.67592859e-04
-0.407356 7.72621440e-04
-0.406979 7.77655429e-04
-0.406602 7.82694711e-04
-0.406225 7.87739171e-04
-0.405848 7.92788696e-04
-0.405471 7.97843170e-04
-0.405094 8.02902479e-04
-0.404717 8.07966509e-04
-0.404340 8.13035146e-04
-0.403963 8.18108277e-04
-0.403586 8.23185787e-04
-0.403209 8.28267564e-04
-0.402832 8.33353493e-04
-0.402455 8.38443463e-04
-0.402078 8.43537359e-04
-0.401701 8.48635069e-04
-0.401324 8.53736480e-04
-0.400947 8.58841480e-04
-0.400570 8.63949956e-04
-0.400193 8.69061797e-04
-0.399816 8.74176890e-04
-0.399439 8.79295124e-04
-0.399062 8.84416387e-04
-0.398685 8.89540567e-04
-0.398308 8.94667553e-04
-0.397931 8.99797234e-04
-0.397554 9.04929499e-04
-0.397177 9.10064237e-04
-0.396800 9.15201338e-04
-0.396423 9.20340691e-04
-0.396046 9.25482186e-04
-0.395669 9.30625713e-04
-0.395292 9.35771161e-04
-0.394915 9.40918422e-04
-0.394538 9.46067386e-04
-0.394161 9.51217943e-04
-0.393784 9.56369984e-04
-0.393407 9.61523400e-04
-0.393030 9.66678082e-04
-0.392653 9.71833922e-04
-0.392276 9.76990811e-04
-0.391899 9.82148642e-04
-0.391522 9.87307305e-04
-0.391145 9.92466693e-04
-0.390768 9.97626698e-04
-0.390391 1.00278721e-03
-0.390014 1.00794813e-03
-0.389637 1.01310934e-03
-0.389260 1.01827075e-03
-0.388883 1.02343223e-03
-0.388506 1.02859369e-03
-0.388129 1.03375501e-03
-0.387752 1.03891610e-03
-0.387375 1.04407685e-03
-0.386998 1.04923715e-03
-0.386621 1.05439689e-03
-0.386244 1.05955597e-03
-0.385867 1.06471429e-03
-0.385490 1.06987173e-03
-0.385113 1.07502820e-03
-0.384736 1.08018360e-03
-0.384359 1.08533780e-03
-0.383982 1.09049072e-03
-0.383605 1.09564225e-03
-0.383228 1.10079228e-03
-0.382851 1.10594071e-03
-0.382474 1.11108744e-03
-0.382097 1.11623236e-03
-0.381720 1.12137537e-03
-0.381343 1.12651637e-03
-0.380966 1.13165526e-03
-0.380589 1.13679193e-03
-0.380212 1.14192628e-03
-0.379835 1.14705821e-03
-0.379458 1.15218761e-03
-0.379081 1.15731440e-03
-0.378704 1.16243845e-03
-0.378327 1.16755969e-03
-0.377950 1.17267799e-03
-0.377573 1.17779327e-03
-0.377196 1.18290541e-03
-0.376819 1.18801433e-03
-0.376442 1.19311992e-03
-0.376065 1.19822208e-03
-0.375688 1.20332072e-03
-0.375311 1.20841572e-03
-0.374934 1.21350701e-03
-0.374557 1.21859446e-03
-0.374180 1.22367799e-03
-0.373803 1.22875750e-03
-0.373426 1.23383289e-03
-0.373049 1.23890406e-03
-0.372672 1.24397091e-03
-0.372295 1.24903335e-03
-0.371918 1.25409127e-03
-0.371541 1.25914459e-03
-0.371164 1.26419320e-03
-0.370787 1.26923701e-03
-0.370410 1.27427593e-03
-0.370033 1.27930984e-03
-0.369656 1.28433867e-03
-0.369279 1.28936231e-03
-0.368902 1.29438066e-03
-0.368525 1.29939364e-03
-0.368148 1.30440115e-03
-0.367771 1.30940309e-03
-0.367394 1.31439937e-03
-0.367017 1.31938989e-03
-0.366640 1.32437456e-03
-0.366263 1.32935328e-03
-0.365886 1.33432597e-03
-0.365509 1.33929253e-03
-0.365132 1.34425286e-03
-0.364755 1.34920687e-03
-0.364378 1.35415448e-03
-0.364001 1.35909558e-03
-0.363624 1.36403008e-03
-0.363247 1.36895790e-03
-0.362870 1.37387894e-03
-0.362493 1.37879311e-03
-0.362116 1.38370032e-03
-0.361739 1.38860047e-03
-0.361362 1.39349348e-03
-0.360985 1.39837926e-03
-0.360608 1.40325771e-03
-0.360231 1.40812874e-03
-0.359854 1.41299228e-03
-0.359477 1.41784822e-03
-0.359100 1.42269647e-03
-0.358723 1.42753695e-03
-0.358346 1.43236958e-03
-0.357969 1.43719425e-03
-0.357592 1.44201088e-03
-0.357215 1.44681939e-03
-0.356838 1.45161968e-03
-0.356461 1.45641167e-03
-0.356084 1.46119528e-03
-0.355707 1.46597040e-03
-0.355330 1.47073696e-03
-0.354953 1.47549488e-03
-0.354576 1.48024406e-03
-0.354199 1.48498441e-03
-0.353822 1.48971586e-03
-0.353445 1.49443831e-03
-0.353068 1.49915169e-03
-0.352691 1.50385590e-03
-0.352314 1.50855087e-03
-0.351937 1.51323650e-03
-0.351560 1.51791271e-03
-0.351183 1.52257942e-03
-0.350806 1.52723655e-03
-0.350429 1.53188401e-03
-0.350052 1.53652171e-03
-0.349675 1.54114958e-03
-0.349298 1.54576754e-03
-0.348921 1.55037549e-03
-0.348544 1.55497336e-03
-0.348167 1.55956107e-03
-0.347790 1.56413853e-03
-0.347413 1.56870566e-03
-0.347036 1.57326239e-03
-0.346659 1.57780862e-03
-0.346282 1.58234429e-03
-0.345905 1.58686931e-03
-0.345528 1.59138359e-03
-0.345151 1.59588707e-03
-0.344774 1.60037965e-03
-0.344397 1.60486127e-03
-0.344020 1.60933184e-03
-0.343643 1.61379128e-03
-0.343266 1.61823952e-03
-0.342889 1.62267647e-03
-0.342512 1.62710206e-03
-0.342135 1.63151621e-03
-0.341758 1.63591885e-03
-0.341381 1.64030989e-03
-0.341004 1.64468927e-03
-0.340627 1.64905689e-03
-0.340250 1.65341270e-03
-0.339873 1.65775660e-03
-0.339496 1.66208853e-03
-0.339119 1.66640841e-03
-0.338742 1.67071616e-03
-0.338365 1.67501172e-03
-0.337988 1.67929500e-03
-0.337611 1.68356592e-03
-0.337234 1.68782443e-03
-0.336857 1.69207044e-03
-0.336480 1.69630387e-03
-0.336103 1.70052467e-03
-0.335726 1.70473274e-03
-0.335349 1.70892803e-03
-0.334972 1.71311046e-03
-0.334595 1.71727995e-03
-0.334218 1.72143643e-03
-0.333841 1.72557984e-03
-0.333464 1.72971010e-03
-0.333087 1.73382714e-03
-0.332710 1.73793088e-03
-0.332333 1.74202127e-03
-0.331956 1.74609823e-03
-0.331579 1.75016168e-03
-0.331202 1.75421157e-03
-0.330825 1.75824781e-03
-0.330448 1.76227035e-03
-0.330071 1.76627911e-03
-0.329694 1.77027402e-03
-0.329317 1.77425502e-03
-0.328940 1.77822204e-03
-0.328563 1.78217501e-03
-0.328186 1.78611386e-03
-0.327809 1.79003853e-03
-0.327432 1.79394895e-03
-0.327055 1.79784505e-03
-0.326678 1.80172677e-03
-0.326301 1.80559404e-03
-0.325924 1.80944680e-03
-0.325547 1.81328498e-03
-0.325170 1.81710851e-03
-0.324793 1.82091733e-03
-0.324416 1.82471139e-03
-0.324039 1.82849060e-03
-0.323662 1.83225492e-03
-0.323285 1.83600427e-03
-0.322908 1.83973859e-03
-0.322531 1.84345782e-03
-0.322154 1.84716190e-03
-0.321777 1.85085076e-03
-0.321400 1.85452435e-03
-0.321023 1.85818260e-03
-0.320646 1.86182545e-03
-0.320269 1.86545283e-03
-0.319892 1.86906470e-03
-0.319515 1.87266098e-03
-0.319138 1.87624162e-03
-0.318761 1.87980656e-03
-0.318384 1.88335573e-03
-0.318007 1.88688909e-03
-0.317630 1.89040656e-03
-0.317253 1.89390809e-03
-0.316876 1.89739363e-03
-0.316499 1.90086311e-03
-0.316122 1.90431648e-03
-0.315745 1.90775367e-03
-0.315368 1.91117464e-03
-0.314991 1.91457933e-03
-0.314614 1.91796767e-03
-0.314237 1.92133961e-03
-0.313860 1.92469511e-03
-0.313483 1.92803409e-03
-0.313106 1.93135651e-03
-0.312729 1.93466230e-03
-0.312352 1.93795143e-03
-0.311975 1.94122382e-03
-0.311598 1.94447943e-03
-0.311221 1.94771821e-03
-0.310844 1.95094009e-03
-0.310467 1.95414503e-03
-0.310090 1.95733298e-03
-0.309713 1.96050388e-03
-0.309336 1.96365767e-03
-0.308959 1.96679431e-03
-0.308582 1.96991375e-03
-0.308205 1.97301593e-03
-0.307828 1.97610081e-03
-0.307451 1.97916832e-03
-0.307074 1.98221843e-03
-0.306697 1.98525108e-03
-0.306320 1.98826622e-03
-0.305943 1.99126380e-03
-0.305566 1.99424378e-03
-0.305189 1.99720610e-03
-0.304812 2.00015072e-03
-0.304435 2.00307759e-03
-0.304058 2.00598665e-03
-0.303681 2.00887787e-03
-0.303304 2.01175119e-03
-0.302927 2.01460657e-03
-0.302550 2.01744396e-03
-0.302173 2.02026331e-03
-0.301796 2.02306459e-03
-0.301419 2.02584774e-03
-0.301042 2.02861271e-03
-0.300665 2.03135947e-03
-0.300288 2.03408796e-03
-0.299911 2.03679815e-03
-0.299534 2.03948999e-03
-0.299157 2.04216344e-03
-0.298780 2.04481844e-03
-0.298403 2.04745497e-03
-0.298026 2.05007297e-03
-0.297649 2.05267240e-03
-0.297272 2.05525323e-03
-0.296895 2.05781540e-03
-0.296518 2.06035888e-03
-0.296141 2.06288363e-03
-0.295764 2.06538961e-03
-0.295387 2.06787677e-03
-0.295010 2.07034507e-03
-0.294633 2.07279448e-03
-0.294256 2.07522495e-03
-0.293879 2.07763645e-03
-0.293502 2.08002894e-03
-0.293125 2.08240237e-03
-0.292748 2.08475671e-03
-0.292371 2.08709193e-03
-0.291994 2.08940797e-03
-0.291617 2.09170482e-03
-0.291240 2.09398242e-03
-0.290863 2.09624075e-03
-0.290486 2.09847976e-03
-0.290109 2.10069942e-03
-0.289732 2.10289970e-03
-0.289355 2.10508055e-03
-0.288978 2.10724195e-03
-0.288601 2.10938386e-03
-0.288224 2.11150624e-03
-0.287847 2.11360906e-03
-0.287470 2.11569228e-03
-0.287093 2.11775588e-03
-0.286716 2.11979982e-03
-0.286339 2.12182407e-03
-0.285962 2.12382859e-03
-0.285585 2.12581335e-03
-0.285208 2.12777832e-03
-0.284831 2.12972347e-03
-0.284454 2.13164876e-03
-0.284077 2.13355417e-03
-0.283700 2.13543967e-03
-0.283323 2.13730522e-03
-0.282946 2.13915080e-03
-0.282569 2.14097637e-03
-0.282192 2.14278191e-03
-0.281815 2.14456739e-03
-0.281438 2.14633278e-03
-0.281061 2.14807804e-03
-0.280684 2.14980316e-03
-0.280307 2.15150811e-03
-0.279930 2.15319285e-03
-0.279553 2.15485736e-03
-0.279176 2.15650162e-03
-0.278799 2.15812559e-03
-0.278422 2.15972926e-03
-0.278045 2.16131259e-03
-0.277668 2.16287556e-03
-0.277291 2.16441815e-03
-0.276914 2.16594033e-03
-0.276537 2.16744207e-03
-0.276160 2.16892336e-03
-0.275783 2.17038417e-03
-0.275406 2.17182447e-03
-0.275029 2.17324424e-03
-0.274652 2.17464347e-03
-0.274275 2.17602212e-03
-0.273898 2.17738018e-03
-0.273521 2.17871762e-03
-0.273144 2.18003442e-03
-0.272767 2.18133057e-03
-0.272390 2.18260604e-03
-0.272013 2.18386080e-03
-0.271636 2.18509485e-03
-0.271259 2.18630815e-03
-0.270882 2.18750070e-03
-0.270505 2.18867247e-03
-0.270128 2.18982345e-03
-0.269751 2.19095360e-03
-0.269374 2.19206293e-03
-0.268997 2.19315141e-03
-0.268620 2.19421901e-03
-0.268243 2.19526573e-03
-0.267866 2.19629155e-03
-0.267489 2.19729645e-03
-0.267112 2.19828042e-03
-0.266735 2.19924344e-03
-0.266358 2.20018549e-03
-0.265981 2.20110656e-03
-0.265604 2.20200664e-03
-0.265227 2.20288571e-03
-0.264850 2.20374375e-03
-0.264473 2.20458076e-03
-0.264096 2.20539671e-03
-0.263719 2.20619160e-03
-0.263342 2.20696542e-03
-0.262965 2.20771815e-03
-0.262588 2.20844977e-03
-0.262211 2.20916029e-03
-0.261834 2.20984968e-03
-0.261457 2.21051793e-03
-0.261080 2.21116504e-03
-0.260703 2.21179099e-03
-0.260326 2.21239578e-03
-0.259949 2.21297939e-03
-0.259572 2.21354182e-03
-0.259195 2.21408306e-03
-0.258818 2.21460309e-03
-0.258441 2.21510191e-03
-0.258064 2.21557951e-03
-0.257687 2.21603588e-03
-0.257310 2.21647102e-03
-0.256933 2.21688492e-03
-0.256556 2.21727757e-03
-0.256179 2.21764897e-03
-0.255802 2.21799911e-03
-0.255425 2.21832798e-03
-0.255048 2.21863558e-03
-0.254671 2.21892190e-03
-0.254294 2.21918695e-03
-0.253917 2.21943070e-03
-0.253540 2.21965317e-03
-0.253163 2.21985435e-03
-0.252786 2.22003423e-03
-0.252409 2.22019282e-03
-0.252032 2.22033010e-03
-0.251655 2.22044607e-03
-0.251278 2.22054075e-03
-0.250901 2.22061411e-03
-0.250524 2.22066617e-03
-0.250147 2.22069691e-03
-0.249770 2.22070635e-03
-0.249393 2.22069447e-03
-0.249016 2.22066129e-03
-0.248639 2.22060679e-03
-0.248262 2.22053098e-03
-0.247885 2.22043387e-03
-0.247508 2.22031545e-03
-0.247131 2.22017572e-03
-0.246754 2.22001470e-03
-0.246377 2.21983237e-03
-0.246000 2.21962874e-03
-0.245623 2.21940382e-03
-0.245246 2.21915760e-03
-0.244869 2.21889010e-03
-0.244492 2.21860131e-03
-0.244115 2.21829125e-03
-0.243738 2.21795991e-03
-0.243361 2.21760730e-03
-0.242984 2.21723343e-03
-0.242607 2.21683830e-03
-0.242230 2.21642192e-03
-0.241853 2.21598429e-03
-0.241476 2.21552542e-03
-0.241099 2.21504532e-03
-0.240722 2.21454400e-03
-0.240345 2.21402146e-03
-0.239968 2.21347771e-03
-0.239591 2.21291276e-03
-0.239214 2.21232662e-03
-0.238837 2.21171930e-03
-0.238460 2.21109080e-03
-0.238083 2.21044115e-03
-0.237706 2.20977034e-03
-0.237329 2.20907838e-03
-0.236952 2.20836530e-03
-0.236575 2.20763110e-03
-0.236198 2.20687578e-03
-0.235821 2.20609937e-03
-0.235444 2.20530188e-03
-0.235067 2.20448331e-03
-0.234690 2.20364369e-03
-0.234313 2.20278301e-03
-0.233936 2.20190131e-03
-0.233559 2.20099858e-03
-0.233182 2.20007485e-03
-0.232805 2.19913013e-03
-0.232428 2.19816444e-03
-0.232051 2.19717778e-03
-0.231674 2.19617018e-03
-0.231297 2.19514165e-03
-0.230920 2.19409221e-03
-0.230543 2.19302187e-03
-0.230166 2.19193065e-03
-0.229789 2.19081856e-03
-0.229412 2.18968564e-03
-0.229035 2.18853188e-03
-0.228658 2.18735732e-03
-0.228281 2.18616197e-03
-0.227904 2.18494584e-03
-0.227527 2.18370896e-03
-0.227150 2.18245135e-03
-0.226773 2.18117302e-03
-0.226396 2.17987401e-03
-0.226019 2.17855432e-03
-0.225642 2.17721397e-03
-0.225265 2.17585300e-03
-0.224888 2.17447142e-03
-0.224511 2.17306925e-03
-0.224134 2.17164652e-03
-0.223757 2.17020324e-03
-0.223380 2.16873944e-03
-0.223003 2.16725515e-03
-0.222626 2.16575038e-03
-0.222249 2.16422517e-03
-0.221872 2.16267952e-03
-0.221495 2.16111348e-03
-0.221118 2.15952706e-03
-0.220741 2.15792029e-03
-0.220364 2.15629320e-03
-0.219987 2.15464581e-03
-0.219610 2.15297814e-03
-0.219233 2.15129022e-03
-0.218856 2.14958209e-03
-0.218479 2.14785376e-03
-0.218102 2.14610527e-03
-0.217725 2.14433664e-03
-0.217348 2.14254790e-03
-0.216971 2.14073907e-03
-0.216594 2.13891020e-03
-0.216217 2.13706130e-03
-0.215840 2.13519241e-03
-0.215463 2.13330355e-03
-0.215086 2.13139476e-03
-0.214709 2.12946607e-03
-0.214332 2.12751750e-03
-0.213955 2.12554909e-03
-0.213578 2.12356087e-03
-0.213201 2.12155287e-03
-0.212824 2.11952513e-03
-0.212447 2.11747767e-03
-0.212070 2.11541053e-03
-0.211693 2.11332374e-03
-0.211316 2.11121733e-03
-0.210939 2.10909134e-03
-0.210562 2.10694581e-03
-0.210185 2.10478076e-03
-0.209808 2.10259623e-03
-0.209431 2.10039226e-03
-0.209054 2.09816888e-03
-0.208677 2.09592613e-03
-0.208300 2.09366404e-03
-0.207923 2.09138265e-03
-0.207546 2.08908200e-03
-0.207169 2.08676212e-03
-0.206792 2.08442305e-03
-0.206415 2.08206483e-03
-0.206038 2.07968749e-03
-0.205661 2.07729108e-03
-0.205284 2.07487563e-03
-0.204907 2.07244118e-03
-0.204530 2.06998778e-03
-0.204153 2.06751545e-03
-0.203776 2.06502424e-03
-0.203399 2.06251420e-03
-0.203022 2.05998535e-03
-0.202645 2.05743774e-03
-0.202268 2.05487142e-03
-0.201891 2.05228642e-03
-0.201514 2.04968279e-03
-0.201137 2.04706057e-03
-0.200760 2.04441979e-03
-0.200383 2.04176051e-03
-0.200006 2.03908277e-03
-0.199629 2.03638660e-03
-0.199252 2.03367206e-03
-0.198875 2.03093918e-03
-0.198498 2.02818802e-03
-0.198121 2.02541861e-03
-0.197744 2.02263100e-03
-0.197367 2.01982524e-03
-0.196990 2.01700137e-03
-0.196613 2.01415944e-03
-0.196236 2.01129949e-03
-0.195859 2.00842158e-03
-0.195482 2.00552574e-03
-0.195105 2.00261202e-03
-0.194728 1.99968048e-03
-0.194351 1.99673116e-03
-0.193974 1.99376410e-03
-0.193597 1.99077937e-03
-0.193220 1.98777699e-03
-0.192843 1.98475703e-03
-0.192466 1.98171954e-03
-0.192089 1.97866456e-03
-0.191712 1.97559214e-03
-0.191335 1.97250234e-03
-0.190958 1.96939520e-03
-0.190581 1.96627077e-03
-0.190204 1.96312911e-03
-0.189827 1.95997027e-03
-0.189450 1.95679430e-03
-0.189073 1.95360125e-03
-0.188696 1.95039118e-03
-0.188319 1.94716413e-03
-0.187942 1.94392017e-03
-0.187565 1.94065934e-03
-0.187188 1.93738169e-03
-0.186811 1.93408729e-03
-0.186434 1.93077619e-03
-0.186057 1.92744843e-03
-0.185680 1.92410408e-03
-0.185303 1.92074319e-03
-0.184926 1.91736582e-03
-0.184549 1.91397202e-03
-0.184172 1.91056185e-03
-0.183795 1.90713537e-03
-0.183418 1.90369263e-03
-0.183041 1.90023368e-03
-0.182664 1.89675860e-03
-0.182287 1.89326743e-03
-0.181910 1.88976023e-03
-0.181533 1.88623706e-03
-0.181156 1.88269798e-03
-0.180779 1.87914305e-03
-0.180402 1.87557232e-03
-0.180025 1.87198587e-03
-0.179648 1.86838374e-03
-0.179271 1.86476599e-03
-0.178894 1.86113270e-03
-0.178517 1.85748391e-03
-0.178140 1.85381970e-03
-0.177763 1.85014011e-03
-0.177386 1.84644522e-03
-0.177009 1.84273508e-03
-0.176632 1.83900975e-03
-0.176255 1.83526931e-03
-0.175878 1.83151381e-03
-0.175501 1.82774331e-03
-0.175124 1.82395789e-03
-0.174747 1.82015759e-03
-0.174370 1.81634249e-03
-0.173993 1.81251266e-03
-0.173616 1.80866815e-03
-0.173239 1.80480902e-03
-0.172862 1.80093536e-03
-0.172485 1.79704721e-03
-0.172108 1.79314466e-03
-0.171731 1.78922775e-03
-0.171354 1.78529657e-03
-0.170977 1.78135117e-03
-0.170600 1.77739163e-03
-0.170223 1.77341800e-03
-0.169846 1.76943037e-03
-0.169469 1.76542878e-03
-0.169092 1.76141333e-03
-0.168715 1.75738407e-03
-0.168338 1.75334106e-03
-0.167961 1.74928439e-03
-0.167584 1.74521412e-03
-0.167207 1.74113032e-03
-0.166830 1.73703305e-03
-0.166453 1.73292240e-03
-0.166076 1.72879842e-03
-0.165699 1.72466120e-03
-0.165322 1.72051080e-03
-0.164945 1.71634729e-03
-0.164568 1.71217074e-03
-0.164191 1.70798124e-03
-0.163814 1.70377884e-03
-0.163437 1.69956362e-03
-0.163060 1.69533566e-03
-0.162683 1.69109502e-03
-0.162306 1.68684178e-03
-0.161929 1.68257602e-03
-0.161552 1.67829781e-03
-0.161175 1.67400721e-03
-0.160798 1.66970432e-03
-0.160421 1.66538919e-03
-0.160044 1.66106191e-03
-0.159667 1.65672255e-03
-0.159290 1.65237119e-03
-0.158913 1.64800791e-03
-0.158536 1.64363277e-03
-0.158159 1.63924586e-03
-0.157782 1.63484724e-03
-0.157405 1.63043701e-03
-0.157028 1.62601524e-03
-0.156651 1.62158200e-03
-0.156274 1.61713737e-03
-0.155897 1.61268142e-03
-0.155520 1.60821425e-03
-0.155143 1.60373593e-03
-0.154766 1.59924653e-03
-0.154389 1.59474613e-03
-0.154012 1.59023482e-03
-0.153635 1.58571267e-03
-0.153258 1.58117977e-03
-0.152881 1.57663619e-03
-0.152504 1.57208201e-03
-0.152127 1.56751732e-03
-0.151750 1.56294220e-03
-0.151373 1.55835672e-03
-0.150996 1.55376097e-03
-0.150619 1.54915504e-03
-0.150242 1.54453900e-03
-0.149865 1.53991293e-03
-0.149488 1.53527692e-03
-0.149111 1.53063105e-03
-0.148734 1.52597541e-03
-0.148357 1.52131007e-03
-0.147980 1.51663513e-03
-0.147603 1.51195066e-03
-0.147226 1.50725675e-03
-0.146849 1.50255349e-03
-0.146472 1.49784095e-03
-0.146095 1.49311923e-03
-0.145718 1.48838841e-03
-0.145341 1.48364857e-03
-0.144964 1.47889980e-03
-0.144587 1.47414219e-03
-0.144210 1.46937582e-03
-0.143833 1.46460078e-03
-0.143456 1.45981716e-03
-0.143079 1.45502504e-03
-0.142702 1.45022452e-03
-0.142325 1.44541567e-03
-0.141948 1.44059858e-03
-0.141571 1.43577335e-03
-0.141194 1.43094007e-03
-0.140817 1.42609881e-03
-0.140440 1.42124968e-03
-0.140063 1.41639275e-03
-0.139686 1.41152813e-03
-0.139309 1.40665589e-03
-0.138932 1.40177613e-03
-0.138555 1.39688894e-03
-0.138178 1.39199440e-03
-0.137801 1.38709262e-03
-0.137424 1.38218367e-03
-0.137047 1.37726766e-03
-0.136670 1.37234467e-03
-0.136293 1.36741479e-03
-0.135916 1.36247812e-03
-0.135539 1.35753475e-03
-0.135162 1.35258477e-03
-0.134785 1.34762827e-03
-0.134408 1.34266535e-03
-0.134031 1.33769609e-03
-0.133654 1.33272060e-03
-0.133277 1.32773896e-03
-0.132900 1.32275127e-03
-0.132523 1.31775763e-03
-0.132146 1.31275812e-03
-0.131769 1.30775285e-03
-0.131392 1.30274190e-03
-0.131015 1.29772538e-03
-0.130638 1.29270337e-03
-0.130261 1.28767598e-03
-0.129884 1.28264329e-03
-0.129507 1.27760541e-03
-0.129130 1.27256242e-03
-0.128753 1.26751444e-03
-0.128376 1.26246155e-03
-0.127999 1.25740384e-03
-0.127622 1.25234143e-03
-0.127245 1.24727440e-03
-0.126868 1.24220285e-03
-0.126491 1.23712688e-03
-0.126114 1.23204659e-03
-0.125737 1.22696208e-03
-0.125360 1.22187344e-03
-0.124983 1.21678077e-03
-0.124606 1.21168418e-03
-0.124229 1.20658375e-03
-0.123852 1.20147960e-03
-0.123475 1.19637182e-03
-0.123098 1.19126050e-03
-0.122721 1.18614576e-03
-0.122344 1.18102769e-03
-0.121967 1.17590638e-03
-0.121590 1.17078195e-03
-0.121213 1.16565449e-03
-0.120836 1.16052411e-03
-0.120459 1.15539090e-03
-0.120082 1.15025496e-03
-0.119705 1.14511640e-03
-0.119328 1.13997533e-03
-0.118951 1.13483183e-03
-0.118574 1.12968602e-03
-0.118197 1.12453800e-03
-0.117820 1.11938787e-03
-0.117443 1.11423573e-03
-0.117066 1.10908168e-03
-0.116689 1.10392584e-03
-0.116312 1.09876830e-03
-0.115935 1.09360917e-03
-0.115558 1.08844854e-03
-0.115181 1.08328654e-03
-0.114804 1.07812325e-03
-0.114427 1.07295879e-03
-0.114050 1.06779326e-03
-0.113673 1.06262677e-03
-0.113296 1.05745941e-03
-0.112919 1.05229131e-03
-0.112542 1.04712255e-03
-0.112165 1.04195325e-03
-0.111788 1.03678352e-03
-0.111411 1.03161345e-03
-0.111034 1.02644316e-03
-0.110657 1.02127276e-03
-0.110280 1.01610235e-03
-0.109903 1.01093203e-03
-0.109526 1.00576192e-03
-0.109149 1.00059212e-03
-0.108772 9.95422743e-04
-0.108395 9.90253893e-04
-0.108018 9.85085679e-04
-0.107641 9.79918211e-04
-0.107264 9.74751595e-04
-0.106887 9.69585941e-04
-0.106510 9.64421358e-04
-0.106133 9.59257956e-04
-0.105756 9.54095842e-04
-0.105379 9.48935127e-04
-0.105002 9.43775920e-04
-0.104625 9.38618331e-04
-0.104248 9.33462470e-04
-0.103871 9.28308448e-04
-0.103494 9.23156374e-04
-0.103117 9.18006360e-04
-0.102740 9.12858516e-04
-0.102363 9.07712953e-04
-0.101986 9.02569782e-04
-0.101609 8.97429114e-04
-0.101232 8.92291061e-04
-0.100855 8.87155735e-04
-0.100478 8.82023248e-04
-0.100101 8.76893711e-04
-0.099724 8.71767236e-04
-0.099347 8.66643937e-04
-0.098970 8.61523925e-04
-0.098593 8.56407313e-04
-0.098216 8.51294215e-04
-0.097839 8.46184743e-04
-0.097462 8.41079010e-04
-0.097085 8.35977130e-04
-0.096708 8.30879217e-04
-0.096331 8.25785384e-04
-0.095954 8.20695745e-04
-0.095577 8.15610414e-04
-0.095200 8.10529506e-04
-0.094823 8.05453135e-04
-0.094446 8.00381415e-04
-0.094069 7.95314461e-04
-0.093692 7.90252388e-04
-0.093315 7.85195312e-04
-0.092938 7.80143347e-04
-0.092561 7.75096609e-04
-0.092184 7.70055213e-04
-0.091807 7.65019276e-04
-0.091430 7.59988912e-04
-0.091053 7.54964238e-04
-0.090676 7.49945371e-04
-0.090299 7.44932425e-04
-0.089922 7.39925519e-04
-0.089545 7.34924769e-04
-0.089168 7.29930291e-04
-0.088791 7.24942202e-04
-0.088414 7.19960620e-04
-0.088037 7.14985662e-04
-0.087660 7.10017445e-04
-0.087283 7.05056086e-04
-0.086906 7.00101704e-04
-0.086529 6.95154416e-04
-0.086152 6.90214341e-04
-0.085775 6.85281595e-04
-0.085398 6.80356299e-04
-0.085021 6.75438569e-04
-0.084644 6.70528526e-04
-0.084267 6.65626286e-04
-0.083890 6.60731970e-04
-0.083513 6.55845696e-04
-0.083136 6.50967584e-04
-0.082759 6.46097752e-04
-0.082382 6.41236320e-04
-0.082005 6.36383407e-04
-0.081628 6.31539134e-04
-0.081251 6.26703620e-04
-0.080874 6.21876984e-04
-0.080497 6.17059348e-04
-0.080120 6.12250831e-04
-0.079743 6.07451554e-04
-0.079366 6.02661637e-04
-0.078989 5.97881200e-04
-0.078612 5.93110365e-04
-0.078235 5.88349252e-04
-0.077858 5.83597982e-04
-0.077481 5.78856676e-04
-0.077104 5.74125456e-04
-0.076727 5.69404443e-04
-0.076350 5.64693758e-04
-0.075973 5.59993523e-04
-0.075596 5.55303860e-04
-0.075219 5.50624890e-04
-0.074842 5.45956736e-04
-0.074465 5.41299519e-04
-0.074088 5.36653362e-04
-0.073711 5.32018386e-04
-0.073334 5.27394715e-04
-0.072957 5.22782471e-04
-0.072580 5.18181777e-04
-0.072203 5.13592755e-04
-0.071826 5.09015528e-04
-0.071449 5.04450219e-04
-0.071072 4.99896951e-04
-0.070695 4.95355848e-04
-0.070318 4.90827033e-04
-0.069941 4.86310628e-04
-0.069564 4.81806758e-04
-0.069187 4.77315547e-04
-0.068810 4.72837117e-04
-0.068433 4.68371593e-04
-0.068056 4.63919099e-04
-0.067679 4.59479758e-04
-0.067302 4.55053695e-04
-0.066925 4.50641034e-04
-0.066548 4.46241900e-04
-0.066171 4.41856416e-04
-0.065794 4.37484707e-04
-0.065417 4.33126899e-04
-0.065040 4.28783114e-04
-0.064663 4.24453479e-04
-0.064286 4.20138118e-04
-0.063909 4.15837157e-04
-0.063532 4.11550719e-04
-0.063155 4.07278931e-04
-0.062778 4.03021917e-04
-0.062401 3.98779803e-04
-0.062024 3.94552714e-04
-0.061647 3.90340776e-04
-0.061270 3.86144114e-04
-0.060893 3.81962855e-04
-0.060516 3.77797122e-04
-0.060139 3.73647044e-04
-0.059762 3.69512744e-04
-0.059385 3.65394350e-04
-0.059008 3.61291987e-04
-0.058631 3.57205782e-04
-0.058254 3.53135860e-04
-0.057877 3.49082348e-04
-0.057500 3.45045373e-04
-0.057123 3.41025060e-04
-0.056746 3.37021536e-04
-0.056369 3.33034928e-04
-0.055992 3.29065362e-04
-0.055615 3.25112965e-04
-0.055238 3.21177864e-04
-0.054861 3.17260185e-04
-0.054484 3.13360056e-04
-0.054107 3.09477603e-04
-0.053730 3.05612953e-04
-0.053353 3.01766234e-04
-0.052976 2.97937572e-04
-0.052599 2.94127095e-04
-0.052222 2.90334930e-04
-0.051845 2.86561204e-04
-0.051468 2.82806045e-04
-0.051091 2.79069580e-04
-0.050714 2.75351936e-04
-0.050337 2.71653241e-04
-0.049960 2.67973623e-04
-0.049583 2.64313209e-04
-0.049206 2.60672127e-04
-0.048829 2.57050504e-04
-0.048452 2.53448469e-04
-0.048075 2.49866148e-04
-0.047698 2.46303671e-04
-0.047321 2.42761165e-04
-0.046944 2.39238757e-04
-0.046567 2.35736576e-04
-0.046190 2.32254750e-04
-0.045813 2.28793406e-04
-0.045436 2.25352674e-04
-0.045059 2.21932680e-04
-0.044682 2.18533554e-04
-0.044305 2.15155423e-04
-0.043928 2.11798416e-04
-0.043551 2.08462661e-04
-0.043174 2.05148286e-04
-0.042797 2.01855419e-04
-0.042420 1.98584190e-04
-0.042043 1.95334725e-04
-0.041666 1.92107155e-04
-0.041289 1.88901606e-04
-0.040912 1.85718209e-04
-0.040535 1.82557090e-04
-0.040158 1.79418379e-04
-0.039781 1.76302204e-04
-0.039404 1.73208693e-04
-0.039027 1.70137976e-04
-0.038650 1.67090181e-04
-0.038273 1.64065436e-04
-0.037896 1.61063871e-04
-0.037519 1.58085613e-04
-0.037142 1.55130791e-04
-0.036765 1.52199534e-04
-0.036388 1.49291971e-04
-0.036011 1.46408231e-04
-0.035634 1.43548441e-04
-0.035257 1.40712731e-04
-0.034880 1.37901230e-04
-0.034503 1.35114066e-04
-0.034126 1.32351367e-04
-0.033749 1.29613263e-04
-0.033372 1.26899883e-04
-0.032995 1.24211354e-04
-0.032618 1.21547807e-04
-0.032241 1.18909368e-04
-0.031864 1.16296168e-04
-0.031487 1.13708335e-04
-0.031110 1.11145997e-04
-0.030733 1.08609283e-04
-0.030356 1.06098322e-04
-0.029979 1.03613243e-04
-0.029602 1.01154174e-04
-0.029225 9.87212446e-05
-0.028848 9.63145822e-05
-0.028471 9.39343160e-05
-0.028094 9.15805747e-05
-0.027717 8.92534867e-05
-0.027340 8.69531806e-05
-0.026963 8.46797851e-05
-0.026586 8.24334287e-05
-0.026209 8.02142398e-05
-0.025832 7.80223470e-05
-0.025455 7.58578788e-05
-0.025078 7.37209635e-05
-0.024701 7.16117297e-05
-0.024324 6.95303056e-05
-0.023947 6.74768198e-05
-0.023570 6.54514004e-05
-0.023193 6.34541758e-05
-0.022816 6.14852744e-05
-0.022439 5.95448242e-05
-0.022062 5.76329536e-05
-0.021685 5.57497907e-05
-0.021308 5.38954636e-05
-0.020931 5.20701003e-05
-0.020554 5.02738291e-05
-0.020177 4.85067778e-05
-0.019800 4.67690745e-05
-0.019423 4.50608471e-05
-0.019046 4.33822234e-05
-0.018669 4.17333312e-05
-0.018292 4.01142985e-05
-0.017915 3.85252529e-05
-0.017538 3.69663220e-05
-0.017161 3.54376337e-05
-0.016784 3.39393153e-05
-0.016407 3.24714945e-05
-0.016030 3.10342987e-05
-0.015653 2.96278554e-05
-0.015276 2.82522919e-05
-0.014899 2.69077356e-05
-0.014522 2.55943136e-05
-0.014145 2.43121532e-05
-0.013768 2.30613815e-05
-0.013391 2.18421255e-05
-0.013014 2.06545122e-05
-0.012637 1.94986686e-05
-0.012260 1.83747215e-05
-0.011883 1.72827978e-05
-0.011506 1.62230241e-05
-0.011129 1.51955270e-05
-0.010752 1.42004332e-05
-0.010375 1.32378692e-05
-0.009998 1.23079614e-05
-0.009621 1.14108361e-05
-0.009244 1.05466196e-05
-0.008867 nan
-0.008490 nan
-0.008113 nan
-0.007736 nan
-0.007359 nan
-0.006982 nan
-0.006605 nan
-0.006228 nan
-0.005851 nan
-0.005474 nan
-0.005097 nan
-0.004720 nan
-0.004343 nan
-0.003966 nan
-0.003589 nan
-0.003212 nan
-0.002835 nan
-0.002458 nan
-0.002081 nan
-0.001704 nan
-0.001327 nan
-0.000950 nan
-0.000573 nan
-0.000196 nan
0.000181 nan
0.000558 nan
0.000935 nan
0.001312 nan
0.001689 nan
0.002066 nan
0.002443 nan
0.002820 nan
0.003197 nan
0.003574 nan
0.003951 nan
0.004328 nan
0.004705 nan
0.005082 nan
0.005459 nan
0.005836 nan
0.006213 nan
0.006590 nan
0.006967 nan
0.007344 nan
0.007721 nan
0.008098 nan
0.008475 nan
0.008852 1.02169808e-05
0.009229 1.11179947e-05
0.009606 1.20581021e-05
0.009983 1.30374235e-05
0.010360 1.40560791e-05
0.010737 1.51141893e-05
0.011114 1.62118741e-05
0.011491 1.73492534e-05
0.011868 1.85264469e-05
0.012245 1.97435743e-05
0.012622 2.10007549e-05
0.012999 2.22981081e-05
0.013376 2.36357530e-05
0.013753 2.50138086e-05
0.014130 2.64323936e-05
0.014507 2.78916266e-05
0.014884 2.93916262e-05
0.015261 3.09325106e-05
0.015638 3.25143979e-05
0.016015 3.41374062e-05
0.016392 3.58016532e-05
0.016769 3.75072565e-05
0.017146 3.92543336e-05
0.017523 4.10430016e-05
0.017900 4.28733778e-05
0.018277 4.47455790e-05
0.018654 4.66597219e-05
0.019031 4.86159230e-05
0.019408 5.06142989e-05
0.019785 5.26549655e-05
0.020162 5.47380389e-05
0.020539 5.68636349e-05
0.020916 5.90318691e-05
0.021293 6.12428570e-05
0.021670 6.34967137e-05
0.022047 6.57935543e-05
0.022424 6.81334936e-05
0.022801 7.05166463e-05
0.023178 7.29431268e-05
0.023555 7.54130494e-05
0.023932 7.79265281e-05
0.024309 8.04836767e-05
0.024686 8.30846089e-05
0.025063 8.57294381e-05
0.025440 8.84182775e-05
0.025817 9.11512402e-05
0.026194 9.39284390e-05
0.026571 9.67499864e-05
0.026948 9.96159948e-05
0.027325 1.02526576e-04
0.027702 1.05481843e-04
0.028079 1.08481907e-04
0.028456 1.11526879e-04
0.028833 1.14616871e-04
0.029210 1.17751993e-04
0.029587 1.20932357e-04
0.029964 1.24158073e-04
0.030341 1.27429252e-04
0.030718 1.30746004e-04
0.031095 1.34108438e-04
0.031472 1.37516665e-04
0.031849 1.40970793e-04
0.032226 1.44470933e-04
0.032603 1.48017193e-04
0.032980 1.51609682e-04
0.033357 1.55248508e-04
0.033734 1.58933780e-04
0.034111 1.62665605e-04
0.034488 1.66444092e-04
0.034865 1.70269348e-04
0.035242 1.74141481e-04
0.035619 1.78060597e-04
0.035996 1.82026803e-04
0.036373 1.86040206e-04
0.036750 1.90100912e-04
0.037127 1.94209027e-04
0.037504 1.98364657e-04
0.037881 2.02567908e-04
0.038258 2.06818884e-04
0.038635 2.11117691e-04
0.039012 2.15464434e-04
0.039389 2.19859217e-04
0.039766 2.24302144e-04
0.040143 2.28793319e-04
0.040520 2.33332845e-04
0.040897 2.37920828e-04
0.041274 2.42557368e-04
0.041651 2.47242570e-04
0.042028 2.51976536e-04
0.042405 2.56759368e-04
0.042782 2.61591168e-04
0.043159 2.66472038e-04
0.043536 2.71402079e-04
0.043913 2.76381394e-04
0.044290 2.81410082e-04
0.044667 2.86488244e-04
0.045044 2.91615980e-04
0.045421 2.96793391e-04
0.045798 3.02020577e-04
0.046175 3.07297636e-04
0.046552 3.12624668e-04
0.046929 3.18001773e-04
0.047306 3.23429047e-04
0.047683 3.28906590e-04
0.048060 3.34434500e-04
0.048437 3.40012874e-04
0.048814 3.45641810e-04
0.049191 3.51321405e-04
0.049568 3.57051755e-04
0.049945 3.62832957e-04
0.050322 3.68665108e-04
0.050699 3.74548302e-04
0.051076 3.80482635e-04
0.051453 3.86468204e-04
0.051830 3.92505101e-04
0.052207 3.98593423e-04
0.052584 4.04733263e-04
0.052961 4.10924716e-04
0.053338 4.17167874e-04
0.053715 4.23462831e-04
0.054092 4.29809681e-04
0.054469 4.36208514e-04
0.054846 4.42659425e-04
0.055223 4.49162505e-04
0.055600 4.55717845e-04
0.055977 4.62325537e-04
0.056354 4.68985672e-04
0.056731 4.75698339e-04
0.057108 4.82463631e-04
0.057485 4.89281636e-04
0.057862 4.96152444e-04
0.058239 5.03076144e-04
0.058616 5.10052825e-04
0.058993 5.17082577e-04
0.059370 5.24165486e-04
0.059747 5.31301640e-04
0.060124 5.38491128e-04
0.060501 5.45734037e-04
0.060878 5.53030452e-04
0.061255 5.60380461e-04
0.061632 5.67784150e-04
0.062009 5.75241603e-04
0.062386 5.82752908e-04
0.062763 5.90318148e-04
0.063140 5.97937408e-04
0.063517 6.05610772e-04
0.063894 6.13338324e-04
0.064271 6.21120148e-04
0.064648 6.28956327e-04
0.065025 6.36846944e-04
0.065402 6.44792080e-04
0.065779 6.52791818e-04
0.066156 6.60846239e-04
0.066533 6.68955425e-04
0.066910 6.77119456e-04
0.067287 6.85338414e-04
0.067664 6.93612377e-04
0.068041 7.01941425e-04
0.068418 7.10325639e-04
0.068795 7.18765096e-04
0.069172 7.27259875e-04
0.069549 7.35810055e-04
0.069926 7.44415712e-04
0.070303 7.53076925e-04
0.070680 7.61793770e-04
0.071057 7.70566323e-04
0.071434 7.79394661e-04
0.071811 7.88278859e-04
0.072188 7.97218993e-04
0.072565 8.06215137e-04
0.072942 8.15267366e-04
0.073319 8.24375754e-04
0.073696 8.33540374e-04
0.074073 8.42761300e-04
0.074450 8.52038605e-04
0.074827 8.61372360e-04
0.075204 8.70762637e-04
0.075581 8.80209509e-04
0.075958 8.89713046e-04
0.076335 8.99273319e-04
0.076712 9.08890398e-04
0.077089 9.18564353e-04
0.077466 9.28295253e-04
0.077843 9.38083167e-04
0.078220 9.47928164e-04
0.078597 9.57830311e-04
0.078974 9.67789677e-04
0.079351 9.77806328e-04
0.079728 9.87880331e-04
0.080105 9.98011752e-04
0.080482 1.00820066e-03
0.080859 1.01844711e-03
0.081236 1.02875118e-03
0.081613 1.03911293e-03
0.081990 1.04953242e-03
0.082367 1.06000972e-03
0.082744 1.07054488e-03
0.083121 1.08113798e-03
0.083498 1.09178908e-03
0.083875 1.10249822e-03
0.084252 1.11326549e-03
0.084629 1.12409094e-03
0.085006 1.13497462e-03
0.085383 1.14591660e-03
0.085760 1.15691694e-03
0.086137 1.16797569e-03
0.086514 1.17909292e-03
0.086891 1.19026868e-03
0.087268 1.20150303e-03
0.087645 1.21279603e-03
0.088022 1.22414773e-03
0.088399 1.23555819e-03
0.088776 1.24702747e-03
0.089153 1.25855562e-03
0.089530 1.27014269e-03
0.089907 1.28178873e-03
0.090284 1.29349382e-03
0.090661 1.30525798e-03
0.091038 1.31708129e-03
0.091415 1.32896378e-03
0.091792 1.34090551e-03
0.092169 1.35290654e-03
0.092546 1.36496691e-03
0.092923 1.37708667e-03
0.093300 1.38926587e-03
0.093677 1.40150457e-03
0.094054 1.41380280e-03
0.094431 1.42616062e-03
0.094808 1.43857808e-03
0.095185 1.45105522e-03
0.095562 1.46359209e-03
0.095939 1.47618873e-03
0.096316 1.48884519e-03
0.096693 1.50156151e-03
0.097070 1.51433775e-03
0.097447 1.52717393e-03
0.097824 1.54007011e-03
0.098201 1.55302633e-03
0.098578 1.56604263e-03
0.098955 1.57911905e-03
0.099332 1.59225564e-03
0.099709 1.60545242e-03
0.100086 1.61870946e-03
0.100463 1.63202677e-03
0.100840 1.64540441e-03
0.101217 1.65884240e-03
0.101594 1.67234080e-03
0.101971 1.68589963e-03
0.102348 1.69951893e-03
0.102725 1.71319874e-03
0.103102 1.72693909e-03
0.103479 1.74074002e-03
0.103856 1.75460157e-03
0.104233 1.76852376e-03
0.104610 1.78250663e-03
0.104987 1.79655022e-03
0.105364 1.81065455e-03
0.105741 1.82481965e-03
0.106118 1.83904557e-03
0.106495 1.85333232e-03
0.106872 1.86767994e-03
0.107249 1.88208846e-03
0.107626 1.89655790e-03
0.108003 1.91108830e-03
0.108380 1.92567967e-03
0.108757 1.94033206e-03
0.109134 1.95504548e-03
0.109511 1.96981997e-03
0.109888 1.98465553e-03
0.110265 1.99955221e-03
0.110642 2.01451002e-03
0.111019 2.02952899e-03
0.111396 2.04460914e-03
0.111773 2.05975050e-03
0.112150 2.07495307e-03
0.112527 2.09021689e-03
0.112904 2.10554198e-03
0.113281 2.12092835e-03
0.113658 2.13637603e-03
0.114035 2.15188502e-03
0.114412 2.16745536e-03
0.114789 2.18308706e-03
0.115166 2.19878013e-03
0.115543 2.21453459e-03
0.115920 2.23035045e-03
0.116297 2.24622774e-03
0.116674 2.26216646e-03
0.117051 2.27816663e-03
0.117428 2.29422826e-03
0.117805 2.31035136e-03
0.118182 2.32653595e-03
0.118559 2.34278203e-03
0.118936 2.35908962e-03
0.119313 2.37545872e-03
0.119690 2.39188935e-03
0.120067 2.40838151e-03
0.120444 2.42493521e-03
0.120821 2.44155045e-03
0.121198 2.45822725e-03
0.121575 2.47496562e-03
0.121952 2.49176554e-03
0.122329 2.50862703e-03
0.122706 2.52555010e-03
0.123083 2.54253474e-03
0.123460 2.55958097e-03
0.123837 2.57668877e-03
0.124214 2.59385815e-03
0.124591 2.61108911e-03
0.124968 2.62838166e-03
0.125345 2.64573578e-03
0.125722 2.66315149e-03
0.126099 2.68062877e-03
0.126476 2.69816762e-03
0.126853 2.71576804e-03
0.127230 2.73343003e-03
0.127607 2.75115358e-03
0.127984 2.76893868e-03
0.128361 2.78678533e-03
0.128738 2.80469352e-03
0.129115 2.82266325e-03
0.129492 2.84069450e-03
0.129869 2.85878726e-03
0.130246 2.87694153e-03
0.130623 2.89515729e-03
0.131000 2.91343454e-03
0.131377 2.93177326e-03
0.131754 2.95017344e-03
0.132131 2.96863506e-03
0.132508 2.98715811e-03
0.132885 3.00574258e-03
0.133262 3.02438845e-03
0.133639 3.04309571e-03
0.134016 3.06186433e-03
0.134393 3.08069430e-03
0.134770 3.09958560e-03
0.135147 3.11853821e-03
0.135524 3.13755211e-03
0.135901 3.15662728e-03
0.136278 3.17576370e-03
0.136655 3.19496135e-03
0.137032 3.21422020e-03
0.137409 3.23354023e-03
0.137786 3.25292142e-03
0.138163 3.27236374e-03
0.138540 3.29186716e-03
0.138917 3.31143166e-03
0.139294 3.33105721e-03
0.139671 3.35074378e-03
0.140048 3.37049135e-03
0.140425 3.39029988e-03
0.140802 3.41016934e-03
0.141179 3.43009970e-03
0.141556 3.45009094e-03
0.141933 3.47014301e-03
0.142310 3.49025588e-03
0.142687 3.51042952e-03
0.143064 3.53066390e-03
0.143441 3.55095897e-03
0.143818 3.57131471e-03
0.144195 3.59173107e-03
0.144572 3.61220801e-03
0.144949 3.63274550e-03
0.145326 3.65334350e-03
0.145703 3.67400197e-03
0.146080 3.69472085e-03
0.146457 3.71550013e-03
0.146834 3.73633974e-03
0.147211 3.75723964e-03
0.147588 3.77819980e-03
0.147965 3.79922017e-03
0.148342 3.82030069e-03
0.148719 3.84144133e-03
0.149096 3.86264203e-03
0.149473 3.88390274e-03
0.149850 3.90522343e-03
0.150227 3.92660403e-03
0.150604 3.94804450e-03
0.150981 3.96954478e-03
0.151358 3.99110482e-03
0.151735 4.01272456e-03
0.152112 4.03440396e-03
0.152489 4.05614296e-03
0.152866 4.07794150e-03
0.153243 4.09979953e-03
0.153620 4.12171698e-03
0.153997 4.14369380e-03
0.154374 4.16572993e-03
0.154751 4.18782531e-03
0.155128 4.20997987e-03
0.155505 4.23219357e-03
0.155882 4.25446632e-03
0.156259 4.27679808e-03
0.156636 4.29918877e-03
0.157013 4.32163833e-03
0.157390 4.34414669e-03
0.157767 4.36671379e-03
0.158144 4.38933956e-03
0.158521 4.41202393e-03
0.158898 4.43476683e-03
0.159275 4.45756819e-03
0.159652 4.48042794e-03
0.160029 4.50334600e-03
0.160406 4.52632231e-03
0.160783 4.54935678e-03
0.161160 4.57244935e-03
0.161537 4.59559994e-03
0.161914 4.61880847e-03
0.162291 4.64207486e-03
0.162668 4.66539904e-03
0.163045 4.68878093e-03
0.163422 4.71222044e-03
0.163799 4.73571750e-03
0.164176 4.75927202e-03
0.164553 4.78288392e-03
0.164930 4.80655311e-03
0.165307 4.83027952e-03
0.165684 4.85406305e-03
0.166061 4.87790362e-03
0.166438 4.90180115e-03
0.166815 4.92575553e-03
0.167192 4.94976670e-03
0.167569 4.97383454e-03
0.167946 4.99795898e-03
0.168323 5.02213992e-03
0.168700 5.04637727e-03
0.169077 5.07067093e-03
0.169454 5.09502081e-03
0.169831 5.11942681e-03
0.170208 5.14388884e-03
0.170585 5.16840680e-03
0.170962 5.19298059e-03
0.171339 5.21761011e-03
0.171716 5.24229526e-03
0.172093 5.26703594e-03
0.172470 5.29183204e-03
0.172847 5.31668347e-03
0.173224 5.34159012e-03
0.173601 5.36655188e-03
0.173978 5.39156865e-03
0.174355 5.41664032e-03
0.174732 5.44176678e-03
0.175109 5.46694793e-03
0.175486 5.49218365e-03
0.175863 5.51747383e-03
0.176240 5.54281836e-03
0.176617 5.56821713e-03
0.176994 5.59367002e-03
0.177371 5.61917692e-03
0.177748 5.64473771e-03
0.178125 5.67035228e-03
0.178502 5.69602050e-03
0.178879 5.72174227e-03
0.179256 5.74751745e-03
0.179633 5.77334593e-03
0.180010 5.79922759e-03
0.180387 5.82516230e-03
0.180764 5.85114995e-03
0.181141 5.87719039e-03
0.181518 5.90328352e-03
0.181895 5.92942919e-03
0.182272 5.95562730e-03
0.182649 5.98187769e-03
0.183026 6.00818026e-03
0.183403 6.03453486e-03
0.183780 6.06094136e-03
0.184157 6.08739963e-03
0.184534 6.11390953e-03
0.184911 6.14047094e-03
0.185288 6.16708371e-03
0.185665 6.19374771e-03
0.186042 6.22046280e-03
0.186419 6.24722884e-03
0.186796 6.27404569e-03
0.187173 6.30091321e-03
0.187550 6.32783126e-03
0.187927 6.35479969e-03
0.188304 6.38181836e-03
0.188681 6.40888713e-03
0.189058 6.43600584e-03
0.189435 6.46317435e-03
0.189812 6.49039252e-03
0.190189 6.51766018e-03
0.190566 6.54497720e-03
0.190943 6.57234342e-03
0.191320 6.59975868e-03
0.191697 6.62722284e-03
0.192074 6.65473573e-03
0.192451 6.68229721e-03
0.192828 6.70990711e-03
0.193205 6.73756528e-03
0.193582 6.76527156e-03
0.193959 6.79302578e-03
0.194336 6.82082779e-03
0.194713 6.84867742e-03
0.195090 6.87657452e-03
0.195467 6.90451890e-03
0.195844 6.93251042e-03
0.196221 6.96054890e-03
0.196598 6.98863417e-03
0.196975 7.01676607e-03
0.197352 7.04494442e-03
0.197729 7.07316906e-03
0.198106 7.10143981e-03
0.198483 7.12975650e-03
0.198860 7.15811894e-03
0.199237 7.18652698e-03
0.199614 7.21498043e-03
0.199991 7.24347911e-03
0.200368 7.27202284e-03
0.200745 7.30061145e-03
0.201122 7.32924475e-03
0.201499 7.35792255e-03
0.201876 7.38664469e-03
0.202253 7.41541096e-03
0.202630 7.44422119e-03
0.203007 7.47307519e-03
0.203384 7.50197276e-03
0.203761 7.53091373e-03
0.204138 7.55989789e-03
0.204515 7.58892507e-03
0.204892 7.61799506e-03
0.205269 7.64710767e-03
0.205646 7.67626271e-03
0.206023 7.70545997e-03
0.206400 7.73469927e-03
0.206777 7.76398040e-03
0.207154 7.79330317e-03
0.207531 7.82266737e-03
0.207908 7.85207280e-03
0.208285 7.88151926e-03
0.208662 7.91100654e-03
0.209039 7.94053444e-03
0.209416 7.97010274e-03
0.209793 7.99971126e-03
0.210170 8.02935976e-03
0.210547 8.05904805e-03
0.210924 8.08877590e-03
0.211301 8.11854312e-03
0.211678 8.14834948e-03
0.212055 8.17819477e-03
0.212432 8.20807877e-03
0.212809 8.23800126e-03
0.213186 8.26796204e-03
0.213563 8.29796086e-03
0.213940 8.32799753e-03
0.214317 8.35807180e-03
0.214694 8.38818346e-03
0.215071 8.41833229e-03
0.215448 8.44851806e-03
0.215825 8.47874053e-03
0.216202 8.50899948e-03
0.216579 8.53929469e-03
0.216956 8.56962592e-03
0.217333 8.59999293e-03
0.217710 8.63039550e-03
0.218087 8.66083339e-03
0.218464 8.69130636e-03
0.218841 8.72181418e-03
0.219218 8.75235660e-03
0.219595 8.78293340e-03
0.219972 8.81354432e-03
0.220349 8.84418912e-03
0.220726 8.87486757e-03
0.221103 8.90557941e-03
0.221480 8.93632440e-03
0.221857 8.96710229e-03
0.222234 8.99791284e-03
0.222611 9.02875579e-03
0.222988 9.05963090e-03
0.223365 9.09053790e-03
0.223742 9.12147655e-03
0.224119 9.15244659e-03
0.224496 9.18344777e-03
0.224873 9.21447982e-03
0.225250 9.24554249e-03
0.225627 9.27663552e-03
0.226004 9.30775865e-03
0.226381 9.33891161e-03
0.226758 9.37009414e-03
0.227135 9.40130598e-03
0.227512 9.43254685e-03
0.227889 9.46381650e-03
0.228266 9.49511464e-03
0.228643 9.52644101e-03
0.229020 9.55779534e-03
0.229397 9.58917735e-03
0.229774 9.62058678e-03
0.230151 9.65202334e-03
0.230528 9.68348675e-03
0.230905 9.71497674e-03
0.231282 9.74649303e-03
0.231659 9.77803534e-03
0.232036 9.80960338e-03
0.232413 9.84119687e-03
0.232790 9.87281552e-03
0.233167 9.90445905e-03
0.233544 9.93612718e-03
0.233921 9.96781960e-03
0.234298 9.99953603e-03
0.234675 1.00312762e-02
0.235052 1.00630398e-02
0.235429 1.00948265e-02
0.235806 1.01266360e-02
0.236183 1.01584681e-02
0.236560 1.01903224e-02
0.236937 1.02221986e-02
0.237314 1.02540965e-02
0.237691 1.02860157e-02
0.238068 1.03179560e-02
0.238445 1.03499169e-02
0.238822 1.03818983e-02
0.239199 1.04138998e-02
0.239576 1.04459211e-02
0.239953 1.04779619e-02
0.240330 1.05100218e-02
0.240707 1.05421006e-02
0.241084 1.05741979e-02
0.241461 1.06063135e-02
0.241838 1.06384470e-02
0.242215 1.06705980e-02
0.242592 1.07027664e-02
0.242969 1.07349516e-02
0.243346 1.07671535e-02
0.243723 1.07993717e-02
0.244100 1.08316059e-02
0.244477 1.08638556e-02
0.244854 1.08961207e-02
0.245231 1.09284008e-02
0.245608 1.09606955e-02
0.245985 1.09930046e-02
0.246362 1.10253276e-02
0.246739 1.10576642e-02
0.247116 1.10900142e-02
0.247493 1.11223771e-02
0.247870 1.11547526e-02
0.248247 1.11871404e-02
0.248624 1.12195402e-02
0.249001 1.12519515e-02
0.249378 1.12843740e-02
0.249755 1.13168075e-02
0.250132 1.13492515e-02
0.250509 1.13817057e-02
0.250886 1.14141697e-02
0.251263 1.14466432e-02
0.251640 1.14791259e-02
0.252017 1.15116173e-02
0.252394 1.15441171e-02
0.252771 1.15766249e-02
0.253148 1.16091405e-02
0.253525 1.16416634e-02
0.253902 1.16741932e-02
0.254279 1.17067296e-02
0.254656 1.17392723e-02
0.255033 1.17718208e-02
0.255410 1.18043748e-02
0.255787 1.18369339e-02
0.256164 1.18694978e-02
0.256541 1.19020660e-02
0.256918 1.19346382e-02
0.257295 1.19672140e-02
0.257672 1.19997930e-02
0.258049 1.20323749e-02
0.258426 1.20649592e-02
0.258803 1.20975457e-02
0.259180 1.21301338e-02
0.259557 1.21627232e-02
0.259934 1.21953135e-02
0.260311 1.22279044e-02
0.260688 1.22604954e-02
0.261065 1.22930862e-02
0.261442 1.23256762e-02
0.261819 1.23582653e-02
0.262196 1.23908529e-02
0.262573 1.24234386e-02
0.262950 1.24560221e-02
0.263327 1.24886029e-02
0.263704 1.25211807e-02
0.264081 1.25537550e-02
0.264458 1.25863254e-02
0.264835 1.26188915e-02
0.265212 1.26514530e-02
0.265589 1.26840093e-02
0.265966 1.27165601e-02
0.266343 1.27491050e-02
0.266720 1.27816435e-02
0.267097 1.28141753e-02
0.267474 1.28466998e-02
0.267851 1.28792168e-02
0.268228 1.29117257e-02
0.268605 1.29442261e-02
0.268982 1.29767176e-02
0.269359 1.30091999e-02
0.269736 1.30416723e-02
0.270113 1.30741346e-02
0.270490 1.31065863e-02
0.270867 1.31390269e-02
0.271244 1.31714561e-02
0.271621 1.32038733e-02
0.271998 1.32362781e-02
0.272375 1.32686701e-02
0.272752 1.33010489e-02
0.273129 1.33334140e-02
0.273506 1.33657650e-02
0.273883 1.33981013e-02
0.274260 1.34304227e-02
0.274637 1.34627285e-02
0.275014 1.34950184e-02
0.275391 1.35272919e-02
0.275768 1.35595485e-02
0.276145 1.35917878e-02
0.276522 1.36240093e-02
0.276899 1.36562127e-02
0.277276 1.36883973e-02
0.277653 1.37205627e-02
0.278030 1.37527086e-02
0.278407 1.37848343e-02
0.278784 1.38169394e-02
0.279161 1.38490236e-02
0.279538 1.38810862e-02
0.279915 1.39131268e-02
0.280292 1.39451450e-02
0.280669 1.39771402e-02
0.281046 1.40091120e-02
0.281423 1.40410599e-02
0.281800 1.40729835e-02
0.282177 1.41048821e-02
0.282554 1.41367554e-02
0.282931 1.41686029e-02
0.283308 1.42004240e-02
0.283685 1.42322183e-02
0.284062 1.42639853e-02
0.284439 1.42957244e-02
0.284816 1.43274353e-02
0.285193 1.43591173e-02
0.285570 1.43907701e-02
0.285947 1.44223930e-02
0.286324 1.44539856e-02
0.286701 1.44855473e-02
0.287078 1.45170778e-02
0.287455 1.45485764e-02
0.287832 1.45800426e-02
0.288209 1.46114760e-02
0.288586 1.46428760e-02
0.288963 1.46742422e-02
0.289340 1.47055739e-02
0.289717 1.47368706e-02
0.290094 1.47681320e-02
0.290471 1.47993573e-02
0.290848 1.48305461e-02
0.291225 1.48616980e-02
0.291602 1.48928122e-02
0.291979 1.49238884e-02
0.292356 1.49549259e-02
0.292733 1.49859243e-02
0.293110 1.50168831e-02
0.293487 1.50478015e-02
0.293864 1.50786792e-02
0.294241 1.51095157e-02
0.294618 1.51403102e-02
0.294995 1.51710624e-02
0.295372 1.52017716e-02
0.295749 1.52324373e-02
0.296126 1.52630590e-02
0.296503 1.52936361e-02
0.296880 1.53241681e-02
0.297257 1.53546543e-02
0.297634 1.53850943e-02
0.298011 1.54154875e-02
0.298388 1.54458333e-02
0.298765 1.54761312e-02
0.299142 1.55063805e-02
0.299519 1.55365808e-02
0.299896 1.55667314e-02
0.300273 1.55968318e-02
0.300650 1.56268814e-02
0.301027 1.56568797e-02
0.301404 1.56868261e-02
0.301781 1.57167199e-02
0.302158 1.57465606e-02
0.302535 1.57763477e-02
0.302912 1.58060805e-02
0.303289 1.58357584e-02
0.303666 1.58653809e-02
0.304043 1.58949474e-02
0.304420 1.59244573e-02
0.304797 1.59539100e-02
0.305174 1.59833049e-02
0.305551 1.60126414e-02
0.305928 1.60419189e-02
0.306305 1.60711369e-02
0.306682 1.61002946e-02
0.307059 1.61293915e-02
0.307436 1.61584270e-02
0.307813 1.61874005e-02
0.308190 1.62163114e-02
0.308567 1.62451590e-02
0.308944 1.62739428e-02
0.309321 1.63026622e-02
0.309698 1.63313164e-02
0.310075 1.63599050e-02
0.310452 1.63884272e-02
0.310829 1.64168825e-02
0.311206 1.64452702e-02
0.311583 1.64735897e-02
0.311960 1.65018403e-02
0.312337 1.65300216e-02
0.312714 1.65581327e-02
0.313091 1.65861731e-02
0.313468 1.66141421e-02
0.313845 1.66420392e-02
0.314222 1.66698635e-02
0.314599 1.66976146e-02
0.314976 1.67252918e-02
0.315353 1.67528944e-02
0.315730 1.67804217e-02
0.316107 1.68078732e-02
0.316484 1.68352482e-02
0.316861 1.68625459e-02
0.317238 1.68897659e-02
0.317615 1.69169073e-02
0.317992 1.69439695e-02
0.318369 1.69709520e-02
0.318746 1.69978539e-02
0.319123 1.70246747e-02
0.319500 1.70514136e-02
0.319877 1.70780701e-02
0.320254 1.71046434e-02
0.320631 1.71311329e-02
0.321008 1.71575378e-02
0.321385 1.71838575e-02
0.321762 1.72100914e-02
0.322139 1.72362387e-02
0.322516 1.72622987e-02
0.322893 1.72882708e-02
0.323270 1.73141543e-02
0.323647 1.73399485e-02
0.324024 1.73656526e-02
0.324401 1.73912661e-02
0.324778 1.74167881e-02
0.325155 1.74422181e-02
0.325532 1.74675553e-02
0.325909 1.74927989e-02
0.326286 1.75179484e-02
0.326663 1.75430029e-02
0.327040 1.75679618e-02
0.327417 1.75928244e-02
0.327794 1.76175899e-02
0.328171 1.76422577e-02
0.328548 1.76668270e-02
0.328925 1.76912970e-02
0.329302 1.77156672e-02
0.329679 1.77399367e-02
0.330056 1.77641048e-02
0.330433 1.77881708e-02
0.330810 1.78121340e-02
0.331187 1.78359936e-02
0.331564 1.78597489e-02
0.331941 1.78833992e-02
0.332318 1.79069437e-02
0.332695 1.79303816e-02
0.333072 1.79537123e-02
0.333449 1.79769351e-02
0.333826 1.80000490e-02
0.334203 1.80230535e-02
0.334580 1.80459477e-02
0.334957 1.80687309e-02
0.335334 1.80914023e-02
0.335711 1.81139612e-02
0.336088 1.81364068e-02
0.336465 1.81587384e-02
0.336842 1.81809552e-02
0.337219 1.82030564e-02
0.337596 1.82250413e-02
0.337973 1.82469090e-02
0.338350 1.82686589e-02
0.338727 1.82902901e-02
0.339104 1.83118018e-02
0.339481 1.83331934e-02
0.339858 1.83544639e-02
0.340235 1.83756127e-02
0.340612 1.83966388e-02
0.340989 1.84175417e-02
0.341366 1.84383203e-02
0.341743 1.84589741e-02
0.342120 1.84795021e-02
0.342497 1.84999035e-02
0.342874 1.85201777e-02
0.343251 1.85403237e-02
0.343628 1.85603407e-02
0.344005 1.85802281e-02
0.344382 1.85999848e-02
0.344759 1.86196102e-02
0.345136 1.86391035e-02
0.345513 1.86584637e-02
0.345890 1.86776901e-02
0.346267 1.86967820e-02
0.346644 1.87157383e-02
0.347021 1.87345584e-02
0.347398 1.87532414e-02
0.347775 1.87717865e-02
0.348152 1.87901928e-02
0.348529 1.88084596e-02
0.348906 1.88265859e-02
0.349283 1.88445709e-02
0.349660 1.88624139e-02
0.350037 1.88801139e-02
0.350414 1.88976701e-02
0.350791 1.89150818e-02
0.351168 1.89323479e-02
0.351545 1.89494677e-02
0.351922 1.89664403e-02
0.352299 1.89832649e-02
0.352676 1.89999406e-02
0.353053 1.90164665e-02
0.353430 1.90328418e-02
0.353807 1.90490656e-02
0.354184 1.90651371e-02
0.354561 1.90810554e-02
0.354938 1.90968195e-02
0.355315 1.91124288e-02
0.355692 1.91278821e-02
0.356069 1.91431788e-02
0.356446 1.91583178e-02
0.356823 1.91732984e-02
0.357200 1.91881196e-02
0.357577 1.92027806e-02
0.357954 1.92172804e-02
0.358331 1.92316182e-02
0.358708 1.92457931e-02
0.359085 1.92598041e-02
0.359462 1.92736504e-02
0.359839 1.92873310e-02
0.360216 1.93008452e-02
0.360593 1.93141919e-02
0.360970 1.93273702e-02
0.361347 1.93403793e-02
0.361724 1.93532183e-02
0.362101 1.93658861e-02
0.362478 1.93783819e-02
0.362855 1.93907048e-02
0.363232 1.94028539e-02
0.363609 1.94148282e-02
0.363986 1.94266267e-02
0.364363 1.94382487e-02
0.364740 1.94496931e-02
0.365117 1.94609589e-02
0.365494 1.94720454e-02
0.365871 1.94829514e-02
0.366248 1.94936762e-02
0.366625 1.95042187e-02
0.367002 1.95145779e-02
0.367379 1.95247531e-02
0.367756 1.95347431e-02
0.368133 1.95445470e-02
0.368510 1.95541639e-02
0.368887 1.95635928e-02
0.369264 1.95728328e-02
0.369641 1.95818829e-02
0.370018 1.95907421e-02
0.370395 1.95994095e-02
0.370772 1.96078840e-02
0.371149 1.96161648e-02
0.371526 1.96242508e-02
0.371903 1.96321410e-02
0.372280 1.96398346e-02
0.372657 1.96473304e-02
0.373034 1.96546275e-02
0.373411 1.96617250e-02
0.373788 1.96686218e-02
0.374165 1.96753169e-02
0.374542 1.96818093e-02
0.374919 1.96880981e-02
0.375296 1.96941822e-02
0.375673 1.97000607e-02
0.376050 1.97057325e-02
0.376427 1.97111966e-02
0.376804 1.97164521e-02
0.377181 1.97214978e-02
0.377558 1.97263328e-02
0.377935 1.97309561e-02
0.378312 1.97353666e-02
0.378689 1.97395633e-02
0.379066 1.97435452e-02
0.379443 1.97473113e-02
0.379820 1.97508605e-02
0.380197 1.97541918e-02
0.380574 1.97573042e-02
0.380951 1.97601966e-02
0.381328 1.97628680e-02
0.381705 1.97653173e-02
0.382082 1.97675436e-02
0.382459 1.97695456e-02
0.382836 1.97713225e-02
0.383213 1.97728731e-02
0.383590 1.97741964e-02
0.383967 1.97752913e-02
0.384344 1.97761567e-02
0.384721 1.97767917e-02
0.385098 1.97771951e-02
0.385475 1.97773658e-02
0.385852 1.97773029e-02
0.386229 1.97770051e-02
0.386606 1.97764715e-02
0.386983 1.97757010e-02
0.387360 1.97746924e-02
0.387737 1.97734448e-02
0.388114 1.97719569e-02
0.388491 1.97702277e-02
0.388868 1.97682562e-02
0.389245 1.97660412e-02
0.389622 1.97635816e-02
0.389999 1.97608763e-02
0.390376 1.97579243e-02
0.390753 1.97547243e-02
0.391130 1.97512754e-02
0.391507 1.97475764e-02
0.391884 1.97436262e-02
0.392261 1.97394236e-02
0.392638 1.97349676e-02
0.393015 1.97302570e-02
0.393392 1.97252907e-02
0.393769 1.97200676e-02
0.394146 1.97145865e-02
0.394523 1.97088464e-02
0.394900 1.97028460e-02
0.395277 1.96965843e-02
0.395654 1.96900600e-02
0.396031 1.96832721e-02
0.396408 1.96762195e-02
0.396785 1.96689009e-02
0.397162 1.96613152e-02
0.397539 1.96534612e-02
0.397916 1.96453379e-02
0.398293 1.96369440e-02
0.398670 1.96282784e-02
0.399047 1.96193399e-02
0.399424 1.96101273e-02
0.399801 1.96006395e-02
0.400178 1.95908753e-02
0.400555 1.95808336e-02
0.400932 1.95705131e-02
0.401309 1.95599127e-02
0.401686 1.95490311e-02
0.402063 1.95378673e-02
0.402440 1.95264200e-02
0.402817 1.95146880e-02
0.403194 1.95026701e-02
0.403571 1.94903651e-02
0.403948 1.94777719e-02
0.404325 1.94648892e-02
0.404702 1.94517158e-02
0.405079 1.94382505e-02
0.405456 1.94244922e-02
0.405833 1.94104395e-02
0.406210 1.93960912e-02
0.406587 1.93814462e-02
0.406964 1.93665033e-02
0.407341 1.93512611e-02
0.407718 1.93357186e-02
0.408095 1.93198743e-02
0.408472 1.93037272e-02
0.408849 1.92872759e-02
0.409226 1.92705193e-02
0.409603 1.92534561e-02
0.409980 1.92360850e-02
0.410357 1.92184048e-02
0.410734 1.92004143e-02
0.411111 1.91821121e-02
0.411488 1.91634971e-02
0.411865 1.91445680e-02
0.412242 1.91253235e-02
0.412619 1.91057624e-02
0.412996 1.90858833e-02
0.413373 1.90656850e-02
0.413750 1.90451663e-02
0.414127 1.90243259e-02
0.414504 1.90031625e-02
0.414881 1.89816747e-02
0.415258 1.89598614e-02
0.415635 1.89377213e-02
0.416012 1.89152529e-02
0.416389 1.88924551e-02
0.416766 1.88693266e-02
0.417143 1.88458661e-02
0.417520 1.88220722e-02
0.417897 1.87979436e-02
0.418274 1.87734791e-02
0.418651 1.87486773e-02
0.419028 1.87235370e-02
0.419405 1.86980567e-02
0.419782 1.86722353e-02
0.420159 1.86460713e-02
0.420536 1.86195634e-02
0.420913 1.85927104e-02
0.421290 1.85655108e-02
0.421667 1.85379634e-02
0.422044 1.85100667e-02
0.422421 1.84818196e-02
0.422798 1.84532206e-02
0.423175 1.84242683e-02
0.423552 1.83949615e-02
0.423929 1.83652988e-02
0.424306 1.83352788e-02
0.424683 1.83049002e-02
0.425060 1.82741616e-02
0.425437 1.82430617e-02
0.425814 1.82115990e-02
0.426191 1.81797722e-02
0.426568 1.81475800e-02
0.426945 1.81150209e-02
0.427322 1.80820937e-02
0.427699 1.80487968e-02
0.428076 1.80151290e-02
0.428453 1.79810888e-02
0.428830 1.79466748e-02
0.429207 1.79118857e-02
0.429584 1.78767201e-02
0.429961 1.78411765e-02
0.430338 1.78052535e-02
0.430715 1.77689499e-02
0.431092 1.77322640e-02
0.431469 1.76951946e-02
0.431846 1.76577402e-02
0.432223 1.76198994e-02
0.432600 1.75816708e-02
0.432977 1.75430530e-02
0.433354 1.75040445e-02
0.433731 1.74646439e-02
0.434108 1.74248497e-02
0.434485 1.73846606e-02
0.434862 1.73440751e-02
0.435239 1.73030918e-02
0.435616 1.72617091e-02
0.435993 1.72199258e-02
0.436370 1.71777402e-02
0.436747 1.71351510e-02
0.437124 1.70921567e-02
0.437501 1.70487559e-02
0.437878 1.70049470e-02
0.438255 1.69607286e-02
0.438632 1.69160993e-02
0.439009 1.68710576e-02
0.439386 1.68256019e-02
0.439763 1.67797309e-02
0.440140 1.67334430e-02
0.440517 1.66867368e-02
0.440894 1.66396107e-02
0.441271 1.65920633e-02
0.441648 1.65440931e-02
0.442025 1.64956985e-02
0.442402 1.64468782e-02
0.442779 1.63976305e-02
0.443156 1.63479540e-02
0.443533 1.62978472e-02
0.443910 1.62473085e-02
0.444287 1.61963365e-02
0.444664 1.61449295e-02
0.445041 1.60930862e-02
0.445418 1.60408049e-02
0.445795 1.59880842e-02
0.446172 1.59349225e-02
0.446549 1.58813182e-02
0.446926 1.58272699e-02
0.447303 1.57727760e-02
0.447680 1.57178349e-02
0.448057 1.56624452e-02
0.448434 1.56066052e-02
0.448811 1.55503133e-02
0.449188 1.54935682e-02
0.449565 1.54363681e-02
0.449942 1.53787115e-02
0.450319 1.53205969e-02
0.450696 1.52620226e-02
0.451073 1.52029872e-02
0.451450 1.51434889e-02
0.451827 1.50835264e-02
0.452204 1.50230979e-02
0.452581 1.49622019e-02
0.452958 1.49008367e-02
0.453335 1.48390009e-02
0.453712 1.47766928e-02
0.454089 1.47139107e-02
0.454466 1.46506532e-02
0.454843 1.45869186e-02
0.455220 1.45227053e-02
0.455597 1.44580116e-02
0.455974 1.43928360e-02
0.456351 1.43271768e-02
0.456728 1.42610325e-02
0.457105 1.41944013e-02
0.457482 1.41272818e-02
0.457859 1.40596721e-02
0.458236 1.39915708e-02
0.458613 1.39229761e-02
0.458990 1.38538864e-02
0.459367 1.37843001e-02
0.459744 1.37142155e-02
0.460121 1.36436310e-02
0.460498 1.35725449e-02
0.460875 1.35009556e-02
0.461252 1.34288614e-02
0.461629 1.33562606e-02
0.462006 1.32831516e-02
0.462383 1.32095327e-02
0.462760 1.31354021e-02
0.463137 1.30607584e-02
0.463514 1.29855997e-02
0.463891 1.29099243e-02
0.464268 1.28337307e-02
0.464645 1.27570170e-02
0.465022 1.26797817e-02
0.465399 1.26020229e-02
0.465776 1.25237391e-02
0.466153 1.24449284e-02
0.466530 1.23655892e-02
0.466907 1.22857199e-02
0.467284 1.22053185e-02
0.467661 1.21243835e-02
0.468038 1.20429131e-02
0.468415 1.19609057e-02
0.468792 1.18783593e-02
0.469169 1.17952725e-02
0.469546 1.17116433e-02
0.469923 1.16274700e-02
0.470300 1.15427510e-02
0.470677 1.14574845e-02
0.471054 1.13716686e-02
0.471431 1.12853018e-02
0.471808 1.11983821e-02
0.472185 1.11109079e-02
0.472562 1.10228774e-02
0.472939 1.09342888e-02
0.473316 1.08451404e-02
0.473693 1.07554304e-02
0.474070 1.06651569e-02
0.474447 1.05743183e-02
0.474824 1.04829127e-02
0.475201 1.03909384e-02
0.475578 1.02983935e-02
0.475955 1.02052763e-02
0.476332 1.01115849e-02
0.476709 1.00173177e-02
0.477086 9.92247265e-03
0.477463 9.82704810e-03
0.477840 9.73104219e-03
0.478217 9.63445311e-03
0.478594 9.53727904e-03
0.478971 9.43951815e-03
0.479348 9.34116863e-03
0.479725 9.24222865e-03
0.480102 9.14269636e-03
0.480479 9.04256994e-03
0.480856 8.94184754e-03
0.481233 8.84052733e-03
0.481610 8.73860745e-03
0.481987 8.63608606e-03
0.482364 8.53296129e-03
0.482741 8.42923131e-03
0.483118 8.32489423e-03
0.483495 8.21994820e-03
0.483872 8.11439136e-03
0.484249 8.00822182e-03
0.484626 7.90143772e-03
0.485003 7.79403717e-03
0.485380 7.68601829e-03
0.485757 7.57737921e-03
0.486134 7.46811802e-03
0.486511 7.35823283e-03
0.486888 7.24772175e-03
0.487265 7.13658288e-03
0.487642 7.02481432e-03
0.488019 6.91241415e-03
0.488396 6.79938046e-03
0.488773 6.68571135e-03
0.489150 6.57140489e-03
0.489527 6.45645916e-03
0.489904 6.34087224e-03
0.490281 6.22464219e-03
0.490658 6.10776709e-03
0.491035 5.99024499e-03
0.491412 5.87207397e-03
0.491789 5.75325206e-03
0.492166 5.63377733e-03
0.492543 5.51364783e-03
0.492920 5.39286160e-03
0.493297 5.27141667e-03
0.493674 5.14931111e-03
0.494051 5.02654292e-03
0.494428 4.90311015e-03
0.494805 4.77901083e-03
0.495182 4.65424297e-03
0.495559 4.52880459e-03
0.495936 4.40269372e-03
0.496313 4.27590836e-03
0.496690 4.14844653e-03
0.497067 4.02030622e-03
0.497444 3.89148544e-03
0.497821 3.76198219e-03
0.498198 3.63179446e-03
0.498575 3.50092024e-03
0.498952 3.36935751e-03
0.499329 3.23710427e-03
0.499706 3.10415848e-03
0.500083 2.97051813e-03
0.500460 2.83618118e-03
0.500837 2.70114560e-03
0.501214 2.56540936e-03
0.501591 2.42897042e-03
0.501968 2.29182673e-03
0.502345 2.15397625e-03
0.502722 2.01541692e-03
0.503099 1.87614669e-03
0.503476 1.73616350e-03
0.503853 1.59546530e-03
0.504230 1.45405000e-03
0.504607 1.31191555e-03
0.504984 1.16905987e-03
0.505361 1.02548087e-03
0.505738 8.81176495e-04
0.506115 7.36144640e-04
0.506492 5.90383221e-04
0.506869 4.43890146e-04
0.507246 2.96663319e-04
0.507623 1.48700638e-04
0.508000 nan
