s maxw floor
1.000000e-05 1.852005e-02 3.600000e-04
1.073556e-05 1.852016e-02 3.864802e-04
1.152523e-05 1.852028e-02 4.149082e-04
1.237298e-05 1.852041e-02 4.454272e-04
1.328309e-05 1.852055e-02 4.781911e-04
1.426014e-05 1.852070e-02 5.133650e-04
1.530906e-05 1.852086e-02 5.511261e-04
1.643513e-05 1.852104e-02 5.916648e-04
1.764404e-05 1.852122e-02 6.351854e-04
1.894187e-05 1.852142e-02 6.819072e-04
2.033516e-05 1.852163e-02 7.320656e-04
2.183093e-05 1.852186e-02 7.859135e-04
2.343673e-05 1.852211e-02 8.437222e-04
2.516064e-05 1.852237e-02 9.057832e-04
2.701136e-05 1.852266e-02 9.724091e-04
2.899821e-05 1.852296e-02 1.043936e-03
3.113121e-05 1.852329e-02 1.120724e-03
3.342110e-05 1.852364e-02 1.203160e-03
3.587943e-05 1.852402e-02 1.291659e-03
3.851858e-05 1.852442e-02 1.386669e-03
4.135186e-05 1.852486e-02 1.488667e-03
4.439354e-05 1.852532e-02 1.598167e-03
4.765895e-05 1.852582e-02 1.715722e-03
5.116456e-05 1.852636e-02 1.841924e-03
5.492803e-05 1.852694e-02 1.977409e-03
5.896832e-05 1.852756e-02 2.122860e-03
6.330580e-05 1.852822e-02 2.279009e-03
6.796233e-05 1.852894e-02 2.446644e-03
7.296137e-05 1.852970e-02 2.626609e-03
7.832813e-05 1.853052e-02 2.819813e-03
8.408964e-05 1.853141e-02 3.027227e-03
9.027495e-05 1.853236e-02 3.249898e-03
9.691522e-05 1.853337e-02 3.488948e-03
1.040439e-04 1.853447e-02 3.745582e-03
1.116970e-04 1.853564e-02 4.021092e-03
1.199130e-04 1.853690e-02 4.316868e-03
1.287333e-04 1.853825e-02 4.634400e-03
1.382025e-04 1.853971e-02 4.975288e-03
1.483681e-04 1.854127e-02 5.341251e-03
1.592815e-04 1.854294e-02 5.734133e-03
1.709976e-04 1.854474e-02 6.155913e-03
1.835755e-04 1.854667e-02 6.608718e-03
1.970786e-04 1.854874e-02 7.094830e-03
2.115750e-04 1.855096e-02 7.616698e-03
2.271376e-04 1.855335e-02 8.176953e-03
2.438449e-04 1.855592e-02 8.778418e-03
2.617812e-04 1.855867e-02 9.424124e-03
2.810368e-04 1.856162e-02 1.011733e-02
3.017088e-04 1.856480e-02 1.086152e-02
3.239013e-04 1.856821e-02 1.166045e-02
3.477263e-04 1.857187e-02 1.251815e-02
3.733037e-04 1.857579e-02 1.343893e-02
4.007624e-04 1.858001e-02 1.442745e-02
4.302410e-04 1.858454e-02 1.548867e-02
4.618878e-04 1.858941e-02 1.662796e-02
4.958625e-04 1.859463e-02 1.785105e-02
5.323362e-04 1.860024e-02 1.916410e-02
5.714928e-04 1.860626e-02 2.057374e-02
6.135296e-04 1.861273e-02 2.208706e-02
6.586584e-04 1.861967e-02 2.371170e-02
7.071068e-04 1.862713e-02 2.545584e-02
7.591188e-04 1.863514e-02 2.732828e-02
8.149566e-04 1.864374e-02 2.933844e-02
8.749017e-04 1.865298e-02 3.149646e-02
9.392561e-04 1.866290e-02 3.381322e-02
1.008344e-03 1.867355e-02 3.630039e-02
1.082514e-03 1.868500e-02 3.897050e-02
1.162139e-03 1.869729e-02 4.183702e-02
1.247622e-03 1.871050e-02 4.491439e-02
1.339392e-03 1.872468e-02 4.821812e-02
1.437913e-03 1.873992e-02 5.176486e-02
1.543680e-03 1.875628e-02 5.557248e-02
1.657227e-03 1.877387e-02 5.966017e-02
1.779126e-03 1.879276e-02 6.404854e-02
1.909992e-03 1.881306e-02 6.875970e-02
2.050483e-03 1.883488e-02 7.381740e-02
2.201309e-03 1.885832e-02 7.924712e-02
2.363229e-03 1.888350e-02 8.507623e-02
2.537059e-03 1.891058e-02 9.133411e-02
2.723675e-03 1.893968e-02 9.805229e-02
2.924018e-03 1.897096e-02 1.052646e-01
3.139097e-03 1.900458e-02 1.130075e-01
3.369997e-03 1.904073e-02 1.213199e-01
3.617881e-03 1.907961e-02 1.302437e-01
3.883998e-03 1.912141e-02 1.398239e-01
4.169690e-03 1.916637e-02 1.501088e-01
4.476396e-03 1.921473e-02 1.611503e-01
4.805662e-03 1.926676e-02 1.730038e-01
5.159148e-03 1.932274e-02 1.857293e-01
5.538635e-03 1.938298e-02 1.993909e-01
5.946036e-03 1.944782e-02 2.140573e-01
6.383403e-03 1.951762e-02 2.298025e-01
6.852941e-03 1.959278e-02 2.467059e-01
7.357017e-03 1.967373e-02 2.648526e-01
7.898170e-03 1.976093e-02 2.843341e-01
8.479129e-03 1.985489e-02 3.052487e-01
9.102821e-03 1.995615e-02 3.277016e-01
9.772389e-03 2.006533e-02 3.518060e-01
1.049121e-02 2.018307e-02 3.776835e-01
1.126290e-02 2.031009e-02 4.054644e-01
1.209136e-02 2.044716e-02 4.352888e-01
1.298075e-02 2.059514e-02 4.673070e-01
1.393556e-02 2.075495e-02 5.016803e-01
1.496061e-02 2.092763e-02 5.385819e-01
1.606105e-02 2.111429e-02 5.781979e-01
1.724244e-02 2.131617e-02 6.207279e-01
1.851073e-02 2.153461e-02 6.663862e-01
1.987231e-02 2.177112e-02 7.154030e-01
2.133404e-02 2.202734e-02 7.680253e-01
2.290328e-02 2.230509e-02 8.245182e-01
2.458796e-02 2.260639e-02 8.851666e-01
2.639656e-02 2.293348e-02 9.502760e-01
2.833818e-02 2.328885e-02 1.020175e+00
3.042263e-02 2.367527e-02 1.095215e+00
3.266040e-02 2.409582e-02 1.175774e+00
3.506277e-02 2.455397e-02 1.262260e+00
3.764185e-02 2.505357e-02 1.355107e+00
4.041064e-02 2.559899e-02 1.454783e+00
4.338309e-02 2.619510e-02 1.561791e+00
4.657418e-02 2.684743e-02 1.676671e+00
5.000000e-02 2.756221e-02 1.800000e+00
