g w
60.00000 1.44540862e+00
60.05000 1.42644670e+00
60.10000 1.40763788e+00
60.15000 1.38898175e+00
60.20000 1.37047792e+00
60.25000 1.35212601e+00
60.30000 1.33392561e+00
60.35000 1.31587632e+00
60.40000 1.29797774e+00
60.45000 1.28022946e+00
60.50000 1.26263108e+00
60.55000 1.24518219e+00
60.60000 1.22788236e+00
60.65000 1.21073120e+00
60.70000 1.19372827e+00
60.75000 1.17687316e+00
60.80000 1.16016545e+00
60.85000 1.14360471e+00
60.90000 1.12719050e+00
60.95000 1.11092241e+00
61.00000 1.09480000e+00
61.05000 1.07882282e+00
61.10000 1.06299045e+00
61.15000 1.04730243e+00
61.20000 1.03175833e+00
61.25000 1.01635770e+00
61.30000 1.00110009e+00
61.35000 9.85985047e-01
61.40000 9.71012114e-01
61.45000 9.56180835e-01
61.50000 9.41490749e-01
61.55000 9.26941394e-01
61.60000 9.12532304e-01
61.65000 8.98263009e-01
61.70000 8.84133038e-01
61.75000 8.70141918e-01
61.80000 8.56289170e-01
61.85000 8.42574316e-01
61.90000 8.28996873e-01
61.95000 8.15556356e-01
62.00000 8.02252275e-01
62.05000 7.89084140e-01
62.10000 7.76051458e-01
62.15000 7.63153731e-01
62.20000 7.50390459e-01
62.25000 7.37761141e-01
62.30000 7.25265270e-01
62.35000 7.12902339e-01
62.40000 7.00671836e-01
62.45000 6.88573247e-01
62.50000 6.76606055e-01
62.55000 6.64769739e-01
62.60000 6.53063777e-01
62.65000 6.41487643e-01
62.70000 6.30040808e-01
62.75000 6.18722740e-01
62.80000 6.07532903e-01
62.85000 5.96470761e-01
62.90000 5.85535771e-01
62.95000 5.74727391e-01
63.00000 5.64045072e-01
63.05000 5.53488265e-01
63.10000 5.43056417e-01
63.15000 5.32748971e-01
63.20000 5.22565367e-01
63.25000 5.12505044e-01
63.30000 5.02567436e-01
63.35000 4.92751974e-01
63.40000 4.83058086e-01
63.45000 4.73485197e-01
63.50000 4.64032729e-01
63.55000 4.54700101e-01
63.60000 4.45486727e-01
63.65000 4.36392021e-01
63.70000 4.27415392e-01
63.75000 4.18556244e-01
63.80000 4.09813981e-01
63.85000 4.01188002e-01
63.90000 3.92677703e-01
63.95000 3.84282477e-01
64.00000 3.76001714e-01
64.05000 3.67834799e-01
64.10000 3.59781116e-01
64.15000 3.51840044e-01
64.20000 3.44010959e-01
64.25000 3.36293234e-01
64.30000 3.28686239e-01
64.35000 3.21189341e-01
64.40000 3.13801900e-01
64.45000 3.06523279e-01
64.50000 2.99352831e-01
64.55000 2.92289910e-01
64.60000 2.85333864e-01
64.65000 2.78484040e-01
64.70000 2.71739780e-01
64.75000 2.65100422e-01
64.80000 2.58565302e-01
64.85000 2.52133751e-01
64.90000 2.45805098e-01
64.95000 2.39578666e-01
65.00000 2.33453779e-01
65.05000 2.27429752e-01
65.10000 2.21505900e-01
65.15000 2.15681534e-01
65.20000 2.09955961e-01
65.25000 2.04328482e-01
65.30000 1.98798399e-01
65.35000 1.93365007e-01
65.40000 1.88027599e-01
65.45000 1.82785463e-01
65.50000 1.77637884e-01
65.55000 1.72584144e-01
65.60000 1.67623519e-01
65.65000 1.62755285e-01
65.70000 1.57978710e-01
65.75000 1.53293063e-01
65.80000 1.48697604e-01
65.85000 1.44191593e-01
65.90000 1.39774285e-01
65.95000 1.35444932e-01
66.00000 1.31202780e-01
66.05000 1.27047074e-01
66.10000 1.22977053e-01
66.15000 1.18991953e-01
66.20000 1.15091006e-01
66.25000 1.11273440e-01
66.30000 1.07538479e-01
66.35000 1.03885344e-01
66.40000 1.00313251e-01
66.45000 9.68214129e-02
66.50000 9.34090374e-02
66.55000 9.00753293e-02
66.60000 8.68194890e-02
66.65000 8.36407130e-02
66.70000 8.05381937e-02
66.75000 7.75111196e-02
66.80000 7.45586748e-02
66.85000 7.16800398e-02
66.90000 6.88743906e-02
66.95000 6.61408994e-02
67.00000 6.34787340e-02
67.05000 6.08870583e-02
67.10000 5.83650319e-02
67.15000 5.59118103e-02
67.20000 5.35265449e-02
67.25000 5.12083827e-02
67.30000 4.89564667e-02
67.35000 4.67699354e-02
67.40000 4.46479234e-02
67.45000 4.25895608e-02
67.50000 4.05939734e-02
67.55000 3.86602828e-02
67.60000 3.67876064e-02
67.65000 3.49750570e-02
67.70000 3.32217432e-02
67.75000 3.15267694e-02
67.80000 2.98892352e-02
67.85000 2.83082363e-02
67.90000 2.67828636e-02
67.95000 2.53122039e-02
68.00000 2.38953392e-02
68.05000 2.25313472e-02
68.10000 2.12193013e-02
68.15000 1.99582702e-02
68.20000 1.87473180e-02
68.25000 1.75855046e-02
68.30000 1.64718850e-02
68.35000 1.54055099e-02
68.40000 1.43854252e-02
68.45000 1.34106723e-02
68.50000 1.24802882e-02
68.55000 1.15933048e-02
68.60000 1.07487497e-02
68.65000 9.94564568e-03
68.70000 9.18301098e-03
68.75000 8.45985899e-03
68.80000 7.77519842e-03
68.85000 7.12803323e-03
68.90000 6.51736264e-03
68.95000 5.94218107e-03
69.00000 5.40147817e-03
69.05000 4.89423873e-03
69.10000 4.41944276e-03
69.15000 3.97606538e-03
69.20000 3.56307685e-03
69.25000 3.17944254e-03
69.30000 2.82412291e-03
69.35000 2.49607349e-03
69.40000 2.19424488e-03
69.45000 1.91758270e-03
69.50000 1.66502759e-03
69.55000 1.43551519e-03
69.60000 1.22797610e-03
69.65000 1.04133591e-03
69.70000 8.74515113e-04
69.75000 7.26429153e-04
69.80000 5.95988355e-04
69.85000 4.82097933e-04
69.90000 3.83657957e-04
69.95000 2.99563341e-04
70.00000 2.28703818e-04
70.05000 1.69963925e-04
70.10000 1.22222977e-04
70.15000 8.43550524e-05
70.20000 5.52289708e-05
70.25000 3.37082717e-05
70.30000 1.86511954e-05
70.35000 8.91066246e-06
70.40000 3.33425301e-06
70.45000 7.64186262e-07
70.50000 3.72999035e-08
70.55000 0.00000000e+00
70.60000 0.00000000e+00
70.65000 0.00000000e+00
70.70000 0.00000000e+00
70.75000 0.00000000e+00
70.80000 0.00000000e+00
70.85000 0.00000000e+00
70.90000 0.00000000e+00
70.95000 0.00000000e+00
71.00000 0.00000000e+00
71.05000 0.00000000e+00
71.10000 0.00000000e+00
71.15000 0.00000000e+00
71.20000 0.00000000e+00
71.25000 0.00000000e+00
71.30000 0.00000000e+00
71.35000 0.00000000e+00
71.40000 0.00000000e+00
71.45000 0.00000000e+00
71.50000 0.00000000e+00
71.55000 0.00000000e+00
71.60000 0.00000000e+00
71.65000 0.00000000e+00
71.70000 0.00000000e+00
71.75000 0.00000000e+00
71.80000 0.00000000e+00
71.85000 0.00000000e+00
71.90000 0.00000000e+00
71.95000 0.00000000e+00
72.00000 0.00000000e+00
