rho k
2.000333 24
2.000667 24
2.001000 24
2.001333 24
2.001667 24
2.002000 24
2.002333 24
2.002667 24
2.003000 24
2.003333 24
2.003667 24
2.004000 24
2.004333 24
2.004667 24
2.005000 24
2.005333 24
2.005667 24
2.006000 24
2.006333 24
2.006667 24
2.007000 24
2.007333 24
2.007667 24
2.008000 24
2.008333 24
2.008667 24
2.009000 24
2.009333 24
2.009667 24
2.010000 24
2.010333 24
2.010667 24
2.011000 24
2.011333 24
2.011667 24
2.012000 24
2.012333 24
2.012667 24
2.013000 24
2.013333 23
2.013667 23
2.014000 22
2.014333 22
2.014667 21
2.015000 21
2.015333 20
2.015667 20
2.016000 20
2.016333 19
2.016667 19
2.017000 18
2.017333 18
2.017667 18
2.018000 17
2.018333 17
2.018667 17
2.019000 16
2.019333 16
2.019667 16
2.020000 16
2.020333 15
2.020667 15
2.021000 15
2.021333 15
2.021667 14
2.022000 14
2.022333 14
2.022667 14
2.023000 14
2.023333 13
2.023667 13
2.024000 13
2.024333 13
2.024667 13
2.025000 13
2.025333 12
2.025667 12
2.026000 12
2.026333 12
2.026667 12
2.027000 12
2.027333 11
2.027667 11
2.028000 11
2.028333 11
2.028667 11
2.029000 11
2.029333 11
2.029667 11
2.030000 10
2.030333 10
2.030667 10
2.031000 10
2.031333 10
2.031667 10
2.032000 10
2.032333 10
2.032667 10
2.033000 9
2.033333 9
2.033667 9
2.034000 9
2.034333 9
2.034667 9
2.035000 9
2.035333 9
2.035667 9
2.036000 9
2.036333 9
2.036667 9
2.037000 8
2.037333 8
2.037667 8
2.038000 8
2.038333 8
2.038667 8
2.039000 8
2.039333 8
2.039667 8
2.040000 8
2.040333 8
2.040667 8
2.041000 8
2.041333 8
2.041667 8
2.042000 7
2.042333 7
2.042667 7
2.043000 7
2.043333 7
2.043667 7
2.044000 7
2.044333 7
2.044667 7
2.045000 7
2.045333 7
2.045667 7
2.046000 7
2.046333 7
2.046667 7
2.047000 7
2.047333 7
2.047667 7
2.048000 7
2.048333 6
2.048667 6
2.049000 6
2.049333 6
2.049667 6
2.050000 6
2.050333 6
2.050667 6
2.051000 6
2.051333 6
2.051667 6
2.052000 6
2.052333 6
2.052667 6
2.053000 6
2.053333 6
2.053667 6
2.054000 6
2.054333 6
2.054667 6
2.055000 6
2.055333 6
2.055667 6
2.056000 6
2.056333 6
2.056667 6
2.057000 6
2.057333 5
2.057667 5
2.058000 5
2.058333 5
2.058667 5
2.059000 5
2.059333 5
2.059667 5
2.060000 5
2.060333 5
2.060667 5
2.061000 5
2.061333 5
2.061667 5
2.062000 5
2.062333 5
2.062667 5
2.063000 5
2.063333 5
2.063667 5
2.064000 5
2.064333 5
2.064667 5
2.065000 5
2.065333 5
2.065667 5
2.066000 5
2.066333 5
2.066667 5
2.067000 5
2.067333 5
2.067667 5
2.068000 5
2.068333 5
2.068667 5
2.069000 5
2.069333 5
2.069667 5
2.070000 4
2.070333 4
2.070667 4
2.071000 4
2.071333 4
2.071667 4
2.072000 4
2.072333 4
2.072667 4
2.073000 4
2.073333 4
2.073667 4
2.074000 4
2.074333 4
2.074667 4
2.075000 4
2.075333 4
2.075667 4
2.076000 4
2.076333 4
2.076667 4
2.077000 4
2.077333 4
2.077667 4
2.078000 4
2.078333 4
2.078667 4
2.079000 4
2.079333 4
2.079667 4
2.080000 4
2.080333 4
2.080667 4
2.081000 4
2.081333 4
2.081667 4
2.082000 4
2.082333 4
2.082667 4
2.083000 4
2.083333 4
2.083667 4
2.084000 4
2.084333 4
2.084667 4
2.085000 4
2.085333 4
2.085667 4
2.086000 4
2.086333 4
2.086667 4
2.087000 4
2.087333 4
2.087667 4
2.088000 4
2.088333 4
2.088667 4
2.089000 4
2.089333 4
2.089667 4
2.090000 4
2.090333 3
2.090667 3
2.091000 3
2.091333 3
2.091667 3
2.092000 3
2.092333 3
2.092667 3
2.093000 3
2.093333 3
2.093667 3
2.094000 3
2.094333 3
2.094667 3
2.095000 3
2.095333 3
2.095667 3
2.096000 3
2.096333 3
2.096667 3
2.097000 3
2.097333 3
2.097667 3
2.098000 3
2.098333 3
2.098667 3
2.099000 3
2.099333 3
2.099667 3
2.100000 3
2.100333 3
2.100667 3
2.101000 3
2.101333 3
2.101667 3
2.102000 3
2.102333 3
2.102667 3
2.103000 3
2.103333 3
2.103667 3
2.104000 3
2.104333 3
2.104667 3
2.105000 3
2.105333 3
2.105667 3
2.106000 3
2.106333 3
2.106667 3
2.107000 3
2.107333 3
2.107667 3
2.108000 3
2.108333 3
2.108667 3
2.109000 3
2.109333 3
2.109667 3
2.110000 3
2.110333 3
2.110667 3
2.111000 3
2.111333 3
2.111667 3
2.112000 3
2.112333 3
2.112667 3
2.113000 3
2.113333 3
2.113667 3
2.114000 3
2.114333 3
2.114667 3
2.115000 3
2.115333 3
2.115667 3
2.116000 3
2.116333 3
2.116667 3
2.117000 3
2.117333 3
2.117667 3
2.118000 3
2.118333 3
2.118667 3
2.119000 3
2.119333 3
2.119667 3
2.120000 3
2.120333 3
2.120667 3
2.121000 3
2.121333 3
2.121667 3
2.122000 3
2.122333 3
2.122667 3
2.123000 3
2.123333 3
2.123667 3
2.124000 3
2.124333 3
2.124667 3
2.125000 3
2.125333 3
2.125667 3
2.126000 3
2.126333 3
2.126667 3
2.127000 3
2.127333 3
2.127667 3
2.128000 3
2.128333 3
2.128667 2
2.129000 2
2.129333 2
2.129667 2
2.130000 2
2.130333 2
2.130667 2
2.131000 2
2.131333 2
2.131667 2
2.132000 2
2.132333 2
2.132667 2
2.133000 2
2.133333 2
2.133667 2
2.134000 2
2.134333 2
2.134667 2
2.135000 2
2.135333 2
2.135667 2
2.136000 2
2.136333 2
2.136667 2
2.137000 2
2.137333 2
2.137667 2
2.138000 2
2.138333 2
2.138667 2
2.139000 2
2.139333 2
2.139667 2
2.140000 2
2.140333 2
2.140667 2
2.141000 2
2.141333 2
2.141667 2
2.142000 2
2.142333 2
2.142667 2
2.143000 2
2.143333 2
2.143667 2
2.144000 2
2.144333 2
2.144667 2
2.145000 2
2.145333 2
2.145667 2
2.146000 2
2.146333 2
2.146667 2
2.147000 2
2.147333 2
2.147667 2
2.148000 2
2.148333 2
2.148667 2
2.149000 2
2.149333 2
2.149667 2
2.150000 2
2.150333 2
2.150667 2
2.151000 2
2.151333 2
2.151667 2
2.152000 2
2.152333 2
2.152667 2
2.153000 2
2.153333 2
2.153667 2
2.154000 2
2.154333 2
2.154667 2
2.155000 2
2.155333 2
2.155667 2
2.156000 2
2.156333 2
2.156667 2
2.157000 2
2.157333 2
2.157667 2
2.158000 2
2.158333 2
2.158667 2
2.159000 2
2.159333 2
2.159667 2
2.160000 2
2.160333 2
2.160667 2
2.161000 2
2.161333 2
2.161667 2
2.162000 2
2.162333 2
2.162667 2
2.163000 2
2.163333 2
2.163667 2
2.164000 2
2.164333 2
2.164667 2
2.165000 2
2.165333 2
2.165667 2
2.166000 2
2.166333 2
2.166667 2
2.167000 2
2.167333 2
2.167667 2
2.168000 2
2.168333 2
2.168667 2
2.169000 2
2.169333 2
2.169667 2
2.170000 2
2.170333 2
2.170667 2
2.171000 2
2.171333 2
2.171667 2
2.172000 2
2.172333 2
2.172667 2
2.173000 2
2.173333 2
2.173667 2
2.174000 2
2.174333 2
2.174667 2
2.175000 2
2.175333 2
2.175667 2
2.176000 2
2.176333 2
2.176667 2
2.177000 2
2.177333 2
2.177667 2
2.178000 2
2.178333 2
2.178667 2
2.179000 2
2.179333 2
2.179667 2
2.180000 2
2.180333 2
2.180667 2
2.181000 2
2.181333 2
2.181667 2
2.182000 2
2.182333 2
2.182667 2
2.183000 2
2.183333 2
2.183667 2
2.184000 2
2.184333 2
2.184667 2
2.185000 2
2.185333 2
2.185667 2
2.186000 2
2.186333 2
2.186667 2
2.187000 2
2.187333 2
2.187667 2
2.188000 2
2.188333 2
2.188667 2
2.189000 2
2.189333 2
2.189667 2
2.190000 2
2.190333 2
2.190667 2
2.191000 2
2.191333 2
2.191667 2
2.192000 2
2.192333 2
2.192667 2
2.193000 2
2.193333 2
2.193667 2
2.194000 2
2.194333 2
2.194667 2
2.195000 2
2.195333 2
2.195667 2
2.196000 2
2.196333 2
2.196667 2
2.197000 2
2.197333 2
2.197667 2
2.198000 2
2.198333 2
2.198667 2
2.199000 2
2.199333 2
2.199667 2
2.200000 2
2.200333 2
2.200667 2
2.201000 2
2.201333 2
2.201667 2
2.202000 2
2.202333 2
2.202667 2
2.203000 2
2.203333 2
2.203667 2
2.204000 2
2.204333 2
2.204667 2
2.205000 2
2.205333 2
2.205667 2
2.206000 2
2.206333 2
2.206667 2
2.207000 2
2.207333 2
2.207667 2
2.208000 2
2.208333 2
2.208667 2
2.209000 2
2.209333 2
2.209667 2
2.210000 2
2.210333 2
2.210667 2
2.211000 2
2.211333 2
2.211667 2
2.212000 2
2.212333 2
2.212667 2
2.213000 2
2.213333 2
2.213667 2
2.214000 2
2.214333 2
2.214667 2
2.215000 2
2.215333 2
2.215667 2
2.216000 2
2.216333 2
2.216667 2
2.217000 2
2.217333 2
2.217667 2
2.218000 2
2.218333 2
2.218667 2
2.219000 2
2.219333 2
2.219667 2
2.220000 2
2.220333 2
2.220667 2
2.221000 2
2.221333 2
2.221667 2
2.222000 2
2.222333 2
2.222667 2
2.223000 2
2.223333 2
2.223667 2
2.224000 2
2.224333 2
2.224667 2
2.225000 2
2.225333 2
2.225667 2
2.226000 2
2.226333 2
2.226667 2
2.227000 2
2.227333 2
2.227667 2
2.228000 2
2.228333 2
2.228667 2
2.229000 2
2.229333 2
2.229667 2
2.230000 2
2.230333 2
2.230667 2
2.231000 2
2.231333 2
2.231667 2
2.232000 2
2.232333 2
2.232667 2
2.233000 2
2.233333 2
2.233667 2
2.234000 2
2.234333 2
2.234667 2
2.235000 2
2.235333 1
2.235667 1
2.236000 1
2.236333 1
2.236667 1
2.237000 1
2.237333 1
2.237667 1
2.238000 1
2.238333 1
2.238667 1
2.239000 1
2.239333 1
2.239667 1
2.240000 1
2.240333 1
2.240667 1
2.241000 1
2.241333 1
2.241667 1
2.242000 1
2.242333 1
2.242667 1
2.243000 1
2.243333 1
2.243667 1
2.244000 1
2.244333 1
2.244667 1
2.245000 1
2.245333 1
2.245667 1
2.246000 1
2.246333 1
2.246667 1
2.247000 1
2.247333 1
2.247667 1
2.248000 1
2.248333 1
2.248667 1
2.249000 1
2.249333 1
2.249667 1
2.250000 1
2.250333 1
2.250667 1
2.251000 1
2.251333 1
2.251667 1
2.252000 1
2.252333 1
2.252667 1
2.253000 1
2.253333 1
2.253667 1
2.254000 1
2.254333 1
2.254667 1
2.255000 1
2.255333 1
2.255667 1
2.256000 1
2.256333 1
2.256667 1
2.257000 1
2.257333 1
2.257667 1
2.258000 1
2.258333 1
2.258667 1
2.259000 1
2.259333 1
2.259667 1
2.260000 1
2.260333 1
2.260667 1
2.261000 1
2.261333 1
2.261667 1
2.262000 1
2.262333 1
2.262667 1
2.263000 1
2.263333 1
2.263667 1
2.264000 1
2.264333 1
2.264667 1
2.265000 1
2.265333 1
2.265667 1
2.266000 1
2.266333 1
2.266667 1
2.267000 1
2.267333 1
2.267667 1
2.268000 1
2.268333 1
2.268667 1
2.269000 1
2.269333 1
2.269667 1
2.270000 1
2.270333 1
2.270667 1
2.271000 1
2.271333 1
2.271667 1
2.272000 1
2.272333 1
2.272667 1
2.273000 1
2.273333 1
2.273667 1
2.274000 1
2.274333 1
2.274667 1
2.275000 1
2.275333 1
2.275667 1
2.276000 1
2.276333 1
2.276667 1
2.277000 1
2.277333 1
2.277667 1
2.278000 1
2.278333 1
2.278667 1
2.279000 1
2.279333 1
2.279667 1
2.280000 1
2.280333 1
2.280667 1
2.281000 1
2.281333 1
2.281667 1
2.282000 1
2.282333 1
2.282667 1
2.283000 1
2.283333 1
2.283667 1
2.284000 1
2.284333 1
2.284667 1
2.285000 1
2.285333 1
2.285667 1
2.286000 1
2.286333 1
2.286667 1
2.287000 1
2.287333 1
2.287667 1
2.288000 1
2.288333 1
2.288667 1
2.289000 1
2.289333 1
2.289667 1
2.290000 1
2.290333 1
2.290667 1
2.291000 1
2.291333 1
2.291667 1
2.292000 1
2.292333 1
2.292667 1
2.293000 1
2.293333 1
2.293667 1
2.294000 1
2.294333 1
2.294667 1
2.295000 1
2.295333 1
2.295667 1
2.296000 1
2.296333 1
2.296667 1
2.297000 1
2.297333 1
2.297667 1
2.298000 1
2.298333 1
2.298667 1
2.299000 1
2.299333 1
2.299667 1
2.300000 1
