S D
6.065330e-03 1.916417e-05
6.803343e-02 1.758835e-03
9.107034e-02 3.628493e-03
1.698561e-02 1.505851e-04
1.728235e-01 1.562679e-02
5.527761e-03 1.591669e-05
5.531763e-02 1.440460e-03
5.920085e-03 1.179032e-05
1.806397e-02 1.371397e-04
1.906590e-02 1.426376e-04
1.564928e-01 1.279643e-02
1.799746e-01 1.209406e-02
4.122547e-02 7.051638e-04
1.841379e-02 1.768511e-04
5.820332e-02 1.770580e-03
3.795866e-02 7.526948e-04
3.471534e-01 4.632786e-02
1.353482e-01 9.550441e-03
1.251902e-02 1.300647e-05
3.574416e-03 5.339574e-06
3.069481e-02 4.924045e-04
2.418535e-02 2.818592e-04
3.212554e-03 4.457477e-06
1.856216e-02 1.799920e-04
1.867043e-02 1.558804e-04
4.614218e-01 1.112760e-01
7.067141e-03 2.107035e-05
8.040140e-02 2.751252e-03
4.355964e-02 9.898482e-04
4.219932e-01 6.857968e-02
8.511352e-02 3.789015e-03
1.014073e-01 3.123996e-03
1.399186e-01 1.024198e-02
4.362657e-02 9.052313e-04
6.508921e-03 2.207047e-05
1.086486e-02 5.192016e-05
2.922202e-01 4.469729e-02
6.228462e-03 1.267279e-05
2.976190e-02 4.614195e-04
2.918138e-02 4.450726e-04
2.749965e-02 2.667331e-04
4.411669e-02 8.337359e-04
4.831489e-02 1.215926e-03
3.754973e-01 7.379088e-02
4.674487e-01 9.997506e-02
3.076470e-01 4.954860e-02
4.828624e-02 1.218835e-03
8.925310e-02 4.161888e-03
1.565667e-01 1.283904e-02
3.381492e-01 5.980697e-02
8.527418e-02 1.781079e-03
3.442070e-03 5.441753e-06
4.021784e-03 8.425056e-06
1.066515e-02 3.598418e-05
5.840346e-03 1.776981e-05
4.556883e-03 1.081614e-05
3.574826e-03 6.655945e-06
7.423910e-03 2.871251e-05
7.495343e-02 2.941971e-03
3.948695e-03 8.121422e-06
3.305771e-01 4.302309e-02
2.061974e-01 2.220413e-02
4.873427e-03 1.237026e-05
2.214469e-02 2.554354e-04
3.859676e-02 7.783633e-04
7.653644e-02 1.905481e-03
3.708352e-03 7.162557e-06
1.013900e-01 5.368029e-03
3.952625e-01 8.176080e-02
3.282875e-03 4.049417e-06
2.311770e-01 2.273979e-02
1.831435e-02 1.046458e-04
2.178935e-02 2.481282e-04
2.198844e-02 2.310416e-04
5.632736e-02 1.468025e-03
3.275536e-01 5.609935e-02
1.239327e-01 6.639950e-03
3.616581e-01 5.963906e-02
1.735206e-02 1.400468e-04
5.012925e-02 1.313433e-03
3.355755e-01 5.221317e-02
7.147332e-03 2.004749e-05
9.818361e-03 3.190715e-05
8.383255e-02 3.671640e-03
2.208808e-02 2.045324e-04
6.761921e-02 2.004239e-03
1.314000e-01 6.711297e-03
2.644111e-02 2.948539e-04
6.302864e-02 2.076395e-03
1.834558e-01 1.466811e-02
1.252091e-01 6.757783e-03
1.696321e-02 1.123646e-04
6.104540e-03 1.386820e-05
4.548863e-02 9.617529e-04
3.198903e-02 4.323756e-04
7.509400e-03 1.575234e-05
3.554862e-03 6.582489e-06
4.322401e-03 4.689176e-06
4.103102e-03 7.746112e-06
4.633246e-03 1.118288e-05
1.087493e-02 5.446322e-05
2.355087e-01 2.897941e-02
4.713476e-02 1.164297e-03
2.834616e-02 4.190712e-04
1.335268e-02 9.292877e-05
2.462740e-02 2.407555e-04
7.916208e-02 2.672480e-03
4.340510e-01 9.866224e-02
4.890784e-02 1.250642e-03
2.207775e-02 2.543858e-04
3.944413e-01 8.137691e-02
9.224260e-02 4.451554e-03
4.787028e-03 4.547015e-06
4.667615e-02 9.588547e-04
1.317392e-01 7.607869e-03
1.203529e-01 7.571490e-03
2.665199e-02 3.710518e-04
2.092397e-01 2.286564e-02
2.022564e-01 2.137288e-02
7.222428e-03 2.716892e-05
5.803913e-03 1.313485e-05
3.308775e-03 5.702426e-06
4.589299e-01 7.622492e-02
2.889402e-01 3.151717e-02
3.734163e-01 4.161224e-02
3.074496e-01 4.938433e-02
2.244660e-01 2.632188e-02
9.666393e-02 3.908389e-03
1.374258e-01 9.875200e-03
3.610735e-01 4.747395e-02
8.290133e-02 3.592063e-03
9.912027e-02 3.417190e-03
3.350898e-03 5.848621e-06
3.936840e-02 8.075947e-04
1.593639e-02 1.325557e-04
6.862096e-02 1.523962e-03
3.317075e-03 4.299391e-06
1.075763e-01 6.054117e-03
5.906519e-03 1.253636e-05
4.396082e-02 8.639450e-04
2.000029e-01 1.764454e-02
3.239722e-02 5.477638e-04
1.662622e-02 1.441349e-04
4.442336e-02 8.364151e-04
2.316009e-02 2.800057e-04
8.383758e-03 3.661888e-05
2.807413e-02 3.343968e-04
6.230963e-02 2.029094e-03
4.050209e-03 8.545050e-06
4.673620e-02 1.143964e-03
1.121417e-02 6.553493e-05
2.470075e-01 3.193304e-02
2.095784e-01 2.294316e-02
4.918788e-03 1.260258e-05
8.718040e-02 3.974361e-03
5.237516e-02 1.432951e-03
1.765609e-02 1.297022e-04
1.484559e-01 3.054713e-03
2.423401e-02 3.069870e-04
3.410634e-01 6.083532e-02
7.329432e-03 3.295019e-06
2.118973e-01 1.864536e-02
2.636982e-02 3.637662e-04
1.024760e-02 4.982802e-05
2.920405e-02 2.171440e-04
5.678229e-02 1.372793e-03
5.563468e-03 1.612140e-05
4.516576e-01 1.065691e-01
1.506384e-01 1.185321e-02
1.385738e-01 8.076737e-03
6.564897e-03 2.244768e-05
2.947015e-02 3.962606e-04
5.729806e-03 1.710341e-05
5.797119e-02 1.756154e-03
3.401059e-03 6.025177e-06
6.349302e-03 9.316578e-06
3.907907e-02 1.009197e-05
3.727738e-03 3.353867e-06
3.444738e-01 6.206781e-02
1.943660e-01 1.977893e-02
1.676402e-01 1.171504e-02
7.519675e-02 2.954118e-03
3.673004e-02 3.659037e-04
2.897129e-01 4.036631e-02
8.236807e-02 3.545779e-03
2.374840e-01 2.415857e-02
3.396909e-03 5.239815e-06
4.177399e-02 9.122736e-04
1.492369e-02 9.502447e-05
4.502177e-02 9.697340e-04
1.197904e-02 7.477948e-05
9.196902e-03 4.407248e-05
4.399508e-02 1.011866e-03
4.452811e-02 1.037055e-03
9.613977e-02 4.118106e-03
9.604200e-02 3.998089e-03
7.017289e-03 1.773099e-05
2.929963e-02 4.496638e-04
1.103598e-02 3.001334e-05
9.609983e-03 3.670847e-05
2.125292e-01 1.623257e-02
5.902753e-03 8.706507e-06
8.318939e-02 2.625958e-03
3.589663e-02 6.747354e-04
2.053782e-01 1.389266e-02
1.973859e-02 1.341886e-04
5.499189e-02 1.053191e-03
4.448622e-03 6.766362e-06
9.301794e-02 4.507799e-03
3.175728e-01 5.273410e-02
5.001093e-02 6.086502e-04
1.006862e-02 5.283410e-05
2.961767e-02 4.597310e-04
1.653417e-02 1.204433e-04
4.636723e-01 1.124492e-01
2.851205e-02 3.253036e-04
4.343595e-03 9.827678e-06
6.269296e-02 1.006147e-03
2.223480e-01 1.968220e-03
2.178539e-02 2.471998e-04
5.573598e-03 1.227359e-05
4.002146e-01 8.369860e-02
2.929996e-02 3.942463e-04
8.793364e-02 3.481996e-03
3.403845e-02 4.719979e-04
1.119402e-01 5.624504e-03
1.662050e-01 1.446737e-02
3.971094e-01 8.265159e-02
3.384845e-01 5.991284e-02
3.684528e-03 7.071098e-06
4.091677e-01 6.619157e-02
1.505227e-01 1.007959e-02
2.734571e-01 2.205308e-02
5.028889e-02 1.159722e-03
9.005546e-02 4.241170e-03
4.481191e-03 8.122552e-06
1.239916e-02 6.563566e-05
1.249066e-02 6.092476e-05
3.180263e-02 4.651651e-04
1.843104e-02 1.774723e-04
1.632169e-02 1.190510e-04
4.761315e-03 1.180891e-05
6.183683e-02 1.585242e-03
9.792259e-03 4.140666e-05
3.550519e-01 3.670044e-02
5.574365e-02 1.333492e-03
2.382874e-01 2.297235e-02
3.661667e-02 4.244169e-04
3.908087e-01 6.622110e-02
3.838841e-01 1.039413e-02
4.000652e-01 7.603350e-02
2.651008e-02 3.671084e-04
4.293485e-02 5.645781e-04
6.085513e-03 1.929217e-05
4.417425e-03 1.016411e-05
6.315070e-02 1.655032e-03
1.394062e-01 7.583361e-03
2.346997e-01 2.313614e-02
5.630435e-02 1.657714e-03
2.067515e-01 2.237494e-02
1.892894e-01 1.874459e-02
7.019188e-02 1.992168e-03
7.735795e-02 3.133722e-03
4.985637e-03 1.294736e-05
4.414172e-03 1.014962e-05
2.651606e-02 3.103302e-04
2.871417e-01 4.307653e-02
1.832816e-02 1.749631e-04
3.684465e-01 6.308289e-02
4.527494e-03 8.666779e-06
9.182646e-02 3.576858e-03
3.813426e-03 6.131959e-06
1.273797e-02 8.450956e-05
3.006904e-01 4.733280e-02
9.442170e-02 3.809425e-03
3.088699e-02 4.566939e-04
5.540496e-02 1.599079e-03
2.084754e-01 2.271783e-02
1.394163e-02 6.701694e-05
4.744607e-03 1.172574e-05
3.571938e-03 4.756800e-06
3.161540e-02 4.424281e-04
4.837148e-01 9.585190e-02
4.690914e-03 1.146256e-05
1.478135e-02 8.966500e-05
7.038697e-02 2.590796e-03
4.108356e-03 7.578944e-06
1.928925e-02 1.940797e-04
2.061643e-01 2.220570e-02
1.634342e-01 1.137540e-02
6.588903e-03 1.762275e-05
2.219305e-02 2.572218e-04
4.893045e-02 8.472572e-04
3.149364e-02 2.693818e-04
3.918381e-03 6.387137e-06
2.234138e-02 2.180121e-04
8.539771e-03 1.041299e-07
1.464758e-02 1.119594e-04
1.326328e-01 9.197974e-03
2.702420e-02 2.993202e-04
