# 28 unit directions and distances (columns w1 w2 w3 w4 d) meeting <w_i,w_j> <= a(d_i,d_j)
# with slack 7.3e-8: ten centres at 2.0161, eleven at 2.1, one each at 2.15, 2.2, 2.35, four at sqrt6
-2.38048618650030380e-01 -1.75359249529340511e-01 -4.47362366343568185e-01  8.44066882387173090e-01 2.0160999999999998
 9.57585041093471312e-01 -1.58617765065109800e-01  3.24689458982072368e-02 -2.38363296738452773e-01 2.0160999999999998
-2.90914409673066685e-02 -9.84132217568690404e-01 -1.02843545275755552e-01  1.41635700305011131e-01 2.0160999999999998
-7.39491202530728892e-02  9.04232739858883083e-01 -1.82570862381335935e-01  3.78896503006334484e-01 2.1000000000000001
-5.02206845077277420e-01 -4.62709705482579725e-01  6.82028926528995605e-01 -2.61771955311217053e-01 2.0160999999999998
 5.01852468357806281e-01 -4.60547715395624335e-01 -7.31298215622655845e-01  3.52536760376470221e-02 2.1000000000000001
 7.09802110570032396e-01  3.84050078987051013e-01 -3.82794119180376147e-01  4.49616684500572572e-01 2.1000000000000001
-7.40479111689478914e-02  1.75132187203493050e-01  9.43395248371556749e-01  2.71755458467359712e-01 2.1000000000000001
 4.20121823395347038e-01 -5.85211964648865601e-01  6.93369176092041628e-01  1.62417851305499059e-02 2.1000000000000001
-9.53964300804677201e-02  7.35870987144822686e-01 -4.04638737681988214e-01 -5.34472546884808608e-01 2.1000000000000001
-3.52104120603814463e-01  7.63871743169561523e-01  4.76737200837665132e-01 -2.55429617660869024e-01 2.1000000000000001
 2.40900015126393946e-01 -6.37287236541510094e-01  9.52899250149535915e-02 -7.25776819031879183e-01 2.0160999999999998
-8.48232944044043480e-01  2.99041790979265143e-01 -4.24520764811580853e-01 -1.04196929561665180e-01 2.0160999999999998
 1.89922008836942990e-01  3.00299059293051285e-01  2.81661423119993204e-01  8.91300705863665610e-01 2.1000000000000001
-6.51746751144611919e-02 -1.64280144490908414e-01 -7.03455564023366287e-01 -6.88414530130166957e-01 2.1000000000000001
-5.13721490375273038e-01  9.60091477463665410e-02  1.06981561317162632e-01 -8.45829426902237058e-01 2.0160999999999998
-3.86482332149174906e-02  3.17537470517574805e-01 -9.33487519685203160e-01  1.62102805276876483e-01 2.0160999999999998
 2.20763276923269858e-01  1.12437101670609912e-01  7.37385748472814240e-01 -6.28397749581584675e-01 2.0160999999999998
 5.91485162506003248e-01  7.46663346663577809e-01  2.07090456217523783e-01 -2.23053115261837243e-01 2.0160999999999998
-6.99775251466223991e-01  3.67097973062889882e-01  2.96313936338777895e-01  5.36424949773889215e-01 2.1000000000000001
 6.17769736085132415e-01 -4.64544149465128231e-01  6.35087209342866631e-03  6.34443813744510643e-01 2.1000000000000001
-8.27291822212353312e-01 -4.78974389429496772e-01 -2.93376738113920732e-02  2.92080598579469330e-01 2.1499999999999999
-1.77285554562962772e-01 -5.07081590634533175e-01  4.82643020970290326e-01  6.91732467715320043e-01 2.2000000000000002
-3.92774155982594464e-01 -4.95829618584721354e-01 -7.70756811700329836e-01  7.62586974963018194e-02 2.3500000000000001
-5.52100043612201219e-01 -6.45073109046400806e-01 -1.99811313897011122e-01 -4.89021129060254411e-01 2.4494897427831779
 3.75356269091136896e-01  1.94739466579416792e-01 -7.90054713235731898e-02 -9.02741572606073350e-01 2.4494897427831779
 5.99362997290598276e-01  2.99526615190815915e-01 -6.44553559227449613e-01 -3.68237034474249492e-01 2.4494897427831779
 7.23511253136903343e-01  1.72150749094836603e-01  5.98541224179796161e-01  2.97731404335695282e-01 2.4494897427831779
